順位,出力キーワード,検索ボリューム(人),重複ボリューム(人),特徴度,検索時間差(日),男性割合(%),女性割合(%),10代（13歳〜）割合(%),20代割合(%),30代割合(%),40代割合(%),50代割合(%),60代割合(%),70代以上割合(%)
1,尿管結石,269000,16100,3.12,0,46,54,2,10,16,23,25,14,10
2,膀胱炎,436000,6100,1.706,-0.252,23,77,2,8,11,20,24,17,18
3,腎盂腎炎,230000,4300,1.972,-0.001,26,74,1,10,15,23,25,15,11
4,血尿,210000,4100,2.024,-0.989,35,65,2,6,10,20,26,18,18
5,尿路結石 石を早く出す方法,11600,3800,4.836,0.002,43,57,1,6,11,18,29,20,15
6,尿路結石 原因,22100,3400,4.123,0,42,58,6,25,19,17,16,9,8
7,左下腹部の痛み,223000,3200,1.692,-0.185,28,72,2,9,15,26,24,14,10
8,尿管結石 石が出る前兆,43500,2900,3.222,0.006,49,51,1,7,14,23,28,17,10
9,尿路結石 初期症状,15800,2900,4.291,0.001,44,56,4,14,14,18,23,16,11
10,膀胱炎 症状,199000,2800,1.741,-0.026,20,80,4,15,13,17,21,16,14
11,膀胱癌,171000,2800,1.87,-0.009,39,61,1,3,6,14,22,23,31
12,泌尿器科,176000,2600,1.763,-0.001,45,55,2,9,12,20,22,16,19
13,腎臓結石,72400,2600,2.654,-0.002,42,58,1,2,6,14,26,26,25
14,胆石,154000,2500,1.845,-0.001,37,63,1,6,12,20,24,19,18
15,尿路結石 痛み,6400,2100,4.84,0.002,48,52,6,17,20,20,19,11,7
16,右下腹部の痛み,141000,2000,1.701,-0.102,28,72,2,9,15,25,25,14,10
17,尿路感染,61000,2000,2.524,0,27,73,1,10,15,20,24,18,12
18,シュウ酸の多い食品,44600,2000,2.855,0.343,34,66,2,7,10,18,25,21,17
19,尿管結石 痛み 場所,36600,1900,2.989,-0.008,50,50,2,7,14,23,27,17,10
20,尿路結石 食事,5300,1600,4.799,0.002,34,66,2,10,14,19,25,18,12
21,膀胱癌 初期症状,76500,1500,2.036,-0.007,38,62,1,3,6,14,25,24,27
22,尿路結石 尿管結石 違い,4700,1500,4.833,0,46,54,3,13,18,20,25,13,8
23,水腎症,59100,1400,2.217,0.38,28,72,1,12,18,21,21,16,11
24,尿管結石 痛みを和らげる方法,19000,1400,3.325,0.009,55,45,1,4,11,25,33,17,9
25,尿路結石 女性,6700,1400,4.384,0,15,85,6,24,22,21,16,6,5
26,血尿 原因,67200,1300,2.042,-0.579,49,51,2,8,10,19,24,19,18
27,結石,27400,1300,2.895,0.001,57,43,2,7,15,24,25,16,11
28,ウロカルン錠225mg,17700,1300,3.313,0.587,53,47,0,4,10,19,27,23,17
29,尿路結石 治療,4600,1300,4.711,0.002,41,59,2,12,15,19,22,17,13
30,血尿 原因 女性,79900,1200,1.729,-0.092,13,87,2,10,11,21,29,16,11
31,胆石 症状,71100,1200,1.913,-0.001,34,66,1,5,10,19,28,21,16
32,尿道炎 症状,47300,1200,2.281,0,53,47,2,9,13,19,21,18,18
33,尿管結石 食事,18900,1200,3.154,0.193,40,60,1,7,14,22,28,17,11
34,尿道結石 症状 痛み,16900,1200,3.331,0.001,52,48,1,4,8,16,28,24,19
35,シュウ酸,51400,1100,2.183,0.139,45,55,17,12,13,17,18,12,11
36,尿路結石 予防,5100,1100,4.468,0,65,35,8,29,20,17,12,9,5
37,結石 原因,27900,940,2.544,-0.001,30,70,1,7,13,24,28,16,11
38,腎臓癌 初期症状,61600,930,1.794,3.416,32,68,1,3,7,16,25,22,26
39,尿管結石 原因,32200,930,2.398,0.001,48,52,3,19,23,23,19,8,5
40,腎結石,24400,930,2.66,0.015,40,60,1,6,13,25,29,16,10
41,尿管結石 手術方法,13600,920,3.262,2.639,42,58,1,3,9,18,28,24,17
42,尿路感染症 高齢者,37800,900,2.267,0.001,26,74,0,3,5,12,28,30,22
43,結石 溶かす 食べ物,16500,880,3.002,0.579,44,56,0,2,9,22,32,22,13
44,下腹部の痛み,50000,830,1.852,-0.212,39,61,3,10,14,22,23,17,11
45,膀胱炎 血尿,51300,800,1.802,-0.183,14,86,2,16,16,21,23,13,9
46,膀胱結石,9700,790,3.486,0.955,44,56,1,6,9,16,23,21,24
47,尿管ステント,17400,780,2.868,9.604,33,67,1,11,9,17,24,21,17
48,尿路感染症,31800,750,2.212,0.001,34,66,1,13,14,17,23,18,14
49,猪苓湯,42800,710,1.904,1.848,25,75,0,5,9,17,23,23,23
50,腎盂炎 症状 女性,46200,690,1.777,0.636,15,85,1,3,8,18,29,22,19
51,尿検査 潜血,47000,680,1.721,-0.592,19,81,2,5,12,23,27,18,13
52,尿管結石 治療法,10300,670,3.192,0.002,48,52,1,8,15,22,27,16,11
53,尿道炎,23800,660,2.376,-0.002,57,43,3,12,16,19,19,15,16
54,泌尿器科 現在地周辺,43300,650,1.802,0.014,44,56,1,4,6,15,24,24,26
55,尿路結石 症状,3400,650,4.337,0.001,35,65,2,18,19,16,18,13,14
56,タムスロシン塩酸塩0.2mg,47800,640,1.703,6.136,63,37,0,3,3,6,18,26,44
57,腎盂腎炎 症状,31000,590,2.012,0.002,21,79,1,14,15,18,25,16,11
58,腎臓 痛み,29500,590,2.017,-0.031,40,60,1,6,12,24,26,16,15
59,血尿が出る病気,24400,590,2.259,-0.399,45,55,0,2,3,12,28,29,26
60,結石 痛み,10300,590,3.057,-0.007,46,54,0,4,12,25,32,17,10
61,前立腺炎 症状,27400,580,2.108,1.793,66,34,1,7,12,17,20,21,22
62,尿の色,35200,570,1.879,-0.004,31,69,2,9,10,15,21,18,25
63,前立腺炎,25500,560,2.132,0.035,68,32,1,10,15,18,21,19,16
64,尿管結石 女性,15000,560,2.663,0.001,12,88,2,13,21,25,23,10,6
65,血尿 原因 男性,25500,510,2.032,-0.158,53,47,1,5,10,21,24,18,21
66,尿路結石痛み方,3300,510,4.101,0,50,50,4,9,16,20,21,16,14
67,チキジウム臭化物カプセル10mg,28900,500,1.893,2.205,30,70,1,7,14,23,25,18,12
68,排尿痛,18200,490,2.34,-0.004,32,68,2,13,18,21,20,14,12
69,尿道結石,5800,490,3.488,0.001,54,46,2,8,10,15,24,21,20
70,腎臓がん 初期症状,33800,480,1.728,-1.145,32,68,1,3,8,17,25,20,26
71,膀胱,24300,480,2.038,0.165,47,53,4,9,12,18,22,16,19
72,ウロカルン,7400,480,3.201,0.338,54,46,1,7,13,23,27,18,11
73,おシッコする時痛い,28300,470,1.859,-0.007,39,61,6,15,13,21,23,12,10
74,間質性膀胱炎,27000,470,1.957,0.02,21,79,1,6,9,17,22,22,23
75,コスパノン,10700,470,2.813,2.008,48,52,0,7,11,20,26,22,14
76,腎臓 位置,24200,450,1.954,0,38,62,2,9,17,24,26,6,16
77,腎炎 症状,21900,450,2.057,-0.005,32,68,1,6,15,25,25,15,13
78,下腹部の痛み 男性,17900,440,2.198,-0.001,87,13,2,7,15,22,25,16,13
79,尿路感染症 治療,8900,430,2.933,0,30,70,1,5,8,18,32,24,12
80,残尿感 解消法 男性,19900,400,2.013,0.009,89,11,5,13,17,22,19,13,11
81,精巣上体炎,23300,390,1.838,0.002,66,34,3,15,21,24,17,11,9
82,腎臓結石 溶かす食べ物,12100,390,2.546,0.001,35,65,1,1,4,13,29,30,22
83,尿管結石 痛み 期間,3800,390,3.609,0.037,68,32,1,4,15,29,31,12,8
84,セルニルトン錠,25200,370,1.734,0.897,68,32,0,6,11,18,21,21,23
85,膀胱炎 繰り返す,25100,370,1.773,-0.054,8,92,1,9,9,16,27,24,14
86,胆石症,16100,370,2.166,-0.003,38,62,2,17,19,23,19,11,9
87,尿路結石症状,3000,370,3.89,0,33,67,3,7,9,17,24,22,18
88,尿が出にくい,21300,360,1.937,0.001,44,56,1,2,3,10,21,26,37
89,腎臓結石 痛み,8300,360,2.833,-0.029,43,57,0,2,4,14,27,29,24
90,三大激痛とは,7000,360,2.952,0.204,47,53,4,14,20,24,20,11,7
91,尿管結石 薬,4500,360,3.366,0.06,58,42,1,5,13,27,31,15,8
92,ジクロフェナク50mg座薬,11900,350,2.453,0.886,37,63,0,8,13,18,23,18,20
93,体外衝撃波結石破砕術,3700,350,3.563,1.01,42,58,2,8,10,20,29,20,11
94,腹痛 左下腹部,22700,340,1.757,-0.801,28,72,2,9,16,27,22,13,11
95,尿が出ない,20400,340,1.925,0.001,33,67,1,3,5,12,23,24,32
96,胆石とは,21500,330,1.777,0.007,37,63,2,9,12,17,22,17,21
97,前立腺肥大症,18200,330,1.965,0.003,65,35,2,9,8,13,20,20,28
98,水腎症 症状,10300,330,2.549,1.541,26,74,1,9,12,18,23,21,16
99,腎盂腎炎 原因 女性,22000,320,1.73,-0.001,20,80,1,10,14,23,28,14,10
100,尿意が止まらない原因,21300,320,1.769,-0.149,38,62,5,14,13,20,23,14,11
101,泌尿器科 現在地,17100,320,2.006,-6.406,47,53,1,4,7,16,24,22,26
102,ぼうこう 痛い,13900,320,2.216,-0.719,38,62,5,6,8,18,23,19,21
103,血尿 痛みなし,8600,320,2.636,-0.335,40,60,2,8,12,21,26,17,14
104,血尿 スケール,21000,310,1.748,-0.882,22,78,1,25,21,21,16,8,8
105,残尿感,18100,310,1.895,0.001,40,60,4,15,16,21,20,13,11
106,急性腎盂腎炎,17300,310,1.912,-0.013,27,73,2,14,17,22,23,13,9
107,尿道 痛み,10700,310,2.398,0.001,69,31,3,11,21,24,20,12,9
108,シュウ酸カルシウム結晶,9800,310,2.523,5.366,36,64,1,10,11,19,27,19,13
109,尿管結石 予防,8000,310,2.687,0.589,70,30,3,20,23,24,17,8,5
110,結石性腎盂腎炎,5200,310,3.131,0.886,37,63,1,10,13,19,25,18,14
111,学マス サポカ,22000,290,1.72,-41.605,75,25,16,52,24,4,2,1,1
112,膀胱がん,16500,290,1.954,0.002,44,56,2,6,8,16,23,19,26
113,ウラジロガシ茶,8100,290,2.624,0.554,30,70,0,3,7,19,31,23,17
114,腎臓結石 治療,7500,290,2.763,-0.139,41,59,0,2,5,12,26,30,25
115,チアトンカプセル10mg,18400,280,1.781,0.527,30,70,1,6,11,20,25,20,17
116,腎臓の位置,14700,280,2.027,0.019,41,59,1,4,6,14,22,29,24
117,尿管,8800,280,2.546,0.981,39,61,2,11,11,16,19,21,20
118,尿管結石 症状,5400,280,2.967,0.001,50,50,2,15,21,24,20,11,7
119,尿に血が混じる,16200,270,1.918,-0.53,32,68,1,5,5,12,24,24,29
120,結石 症状,6500,270,2.754,0.002,44,56,2,5,10,24,30,18,11
121,尿結石,4700,270,3.084,-0.001,40,60,3,15,23,23,19,10,7
122,結石 治療,4300,270,3.178,0.006,42,58,0,3,8,20,33,22,14
123,尿毒症,18900,260,1.723,3.381,35,65,3,29,18,15,15,10,10
124,下腹が痛い,17800,260,1.777,-0.195,26,74,1,5,8,15,26,22,23
125,副甲状腺機能亢進症,17200,260,1.799,-0.001,32,68,1,13,10,17,22,20,17
126,膀胱鏡検査,10000,260,2.372,0.266,35,65,1,8,7,15,21,22,26
127,猫 尿路結石,8000,260,2.511,-0.004,25,75,2,10,17,26,29,11,5
128,尿管ステント留置後の生活,4100,260,3.184,10.021,34,66,0,4,7,19,29,23,18
129,尿管結石 尿路結石 違い,2400,260,3.715,0.004,50,50,5,17,23,22,19,8,6
130,残尿感 原因,12700,250,2.038,-0.792,75,25,5,13,16,21,21,14,10
131,世界三大激痛,11600,250,2.119,0.001,43,57,9,17,25,27,13,5,4
132,尿道炎 男性,8700,250,2.372,-0.31,94,6,1,13,20,19,16,14,17
133,ウラジロガシ,6900,250,2.644,0.423,49,51,0,3,9,18,25,22,23
134,尿道結石 症状 原因,5700,250,2.87,-0.001,46,54,2,6,8,14,26,25,19
135,胆石の痛み,14500,240,1.881,1.234,31,69,0,2,6,17,27,24,24
136,シュウ酸カルシウム,9100,240,2.345,0.057,51,49,5,13,16,21,21,13,11
137,tul 泌尿器,7200,240,2.582,5.149,28,72,1,25,20,20,18,10,6
138,腎結石 治療,6000,240,2.713,0.002,47,53,0,3,10,22,30,22,13
139,eswl,4200,240,3.086,2.593,45,55,0,16,15,20,24,16,9
140,膀胱癌 原因,16300,230,1.735,0.004,40,60,2,7,8,16,23,20,24
141,ボルタレン 座薬,11400,230,2.041,0.291,36,64,0,6,13,20,22,20,19
142,膀胱結石 症状,3200,230,3.345,0.169,44,56,1,6,10,18,22,20,23
143,右脇腹から背中の痛み,14900,220,1.741,-0.251,35,65,0,3,8,22,34,21,12
144,右腹部の痛み,14200,220,1.771,-0.13,30,70,3,10,19,27,23,12,6
145,血尿 原因 高齢者,13700,220,1.906,-0.011,34,66,0,2,3,9,20,27,39
146,腎炎,13500,220,1.822,0,33,67,2,9,17,24,21,14,13
147,腎結石 痛み,4900,220,2.832,0.001,44,56,0,4,13,26,30,17,10
148,尿管結石 何科受診,3000,220,3.297,-0.055,47,53,1,5,18,30,31,11,4
149,おしっ子が出にくい 原因,15100,210,1.743,0.005,48,52,1,2,3,9,24,33,28
150,尿検査でわかること,14400,210,1.749,5.99,35,65,3,8,10,17,24,19,19
151,腹部ct検査でわかること,13500,210,1.801,4.368,29,71,0,3,8,20,27,23,19
152,胆石 痛みを和らげる方法,13400,210,1.801,-0.027,36,64,1,2,8,20,31,23,15
153,右腹が痛い原因,13400,210,1.761,1.991,29,71,4,7,13,27,27,13,9
154,体外衝撃波,11200,210,1.963,5.288,42,58,2,6,12,24,28,15,13
155,尿道,11000,210,1.982,0.683,49,51,7,16,15,18,18,11,15
156,膀胱 痛い,10500,210,2.055,0,39,61,7,13,15,20,19,13,13
157,膀胱鏡,6900,210,2.459,5.407,38,62,1,8,10,19,23,18,21
158,膀胱癌 症状,8900,200,2.162,0.941,37,63,2,8,11,19,24,17,19
159,腎臓 石,7300,200,2.304,-0.001,36,64,1,7,19,32,27,9,5
160,慢性前立腺炎 症状,7000,200,2.355,4.083,81,19,2,12,17,23,20,15,11
161,尿管結石 痛み,2900,200,3.249,0.034,55,45,1,14,28,31,19,5,2
162,尿管結石 血尿,2500,200,3.397,1.194,52,48,1,12,21,29,23,9,5
163,脇腹の痛み,13100,190,1.71,-0.528,35,65,4,6,11,20,26,19,14
164,ナットクラッカー症候群,13000,190,1.746,2.283,33,67,1,13,17,26,22,13,8
165,尿検査 白血球多い,12100,190,1.772,0.686,17,83,0,6,12,23,29,18,12
166,膀胱癌 転移しやすい部位,12000,190,1.874,20.916,34,66,1,2,4,13,24,27,29
167,腎盂腎炎 入院期間,8600,190,2.14,0.71,20,80,1,9,12,20,28,17,13
168,左下腹部の痛み 男性,7000,190,2.286,-0.314,74,26,2,8,16,25,24,16,9
169,血尿 ストレス,6800,190,2.328,-0.347,35,65,1,15,19,26,22,10,7
170,tul,4100,190,2.911,4.028,37,63,1,23,16,19,20,14,7
171,尿検査 ph とは,12600,180,1.728,4.965,28,72,1,4,10,19,28,21,17
172,下腹部痛,12100,180,1.708,0.002,12,88,4,18,25,27,16,6,4
173,猪苓湯 ツムラ,9800,180,2.058,0.658,22,78,0,3,7,13,22,24,31
174,下腹部の違和感 男性,9100,180,1.963,-0.002,95,5,1,4,12,21,24,21,17
175,慢性前立腺炎,7900,180,2.173,2.031,82,18,3,11,19,21,19,15,12
176,腎臓に石があると言われたら,5900,180,2.479,0.786,22,78,0,2,6,17,34,25,16
177,憩室炎 痛み,12200,170,1.722,0.002,28,72,1,2,6,15,26,26,24
178,残尿感 解消法,11900,170,1.738,-0.117,13,87,7,17,12,16,19,17,12
179,頭蓋内圧亢進症状,11700,170,1.75,-0.028,22,78,2,43,17,18,12,5,3
180,腎臓の病気,10400,170,1.877,1.053,34,66,2,3,6,15,28,21,25
181,叢雲カゲツ 前世,9900,170,1.973,-93.785,17,83,20,45,21,8,4,1,1
182,尿が茶色い原因,8800,170,2.049,-3.668,34,66,2,4,6,12,25,25,26
183,急性糸球体腎炎,8600,170,1.99,-0.754,23,77,2,22,23,27,14,7,5
184,胆石 何科を受診,8300,170,2.049,-0.012,30,70,1,2,10,23,30,21,13
185,血尿 何科を受診,6500,170,2.264,-0.608,29,71,1,7,13,26,32,14,7
186,腎結石 症状 女性 前兆,6300,170,2.349,0.685,4,96,0,3,8,24,33,22,10
187,血尿 色,5600,170,2.454,-0.001,45,55,2,11,22,23,21,11,10
188,尿道が痛い,5400,170,2.477,0.002,67,33,4,16,14,22,22,13,9
189,排尿障害,10800,160,1.802,-0.072,38,62,2,10,9,15,20,20,24
190,糸球体腎炎,10800,160,1.763,0.744,27,73,2,13,16,24,22,14,9
191,尿意がある 出ない,9300,160,1.894,-0.061,37,63,4,8,10,17,24,19,18
192,小柳ロウ 前世,8700,160,1.999,-88.222,10,90,20,44,22,8,4,1,1
193,尿道炎 市販薬,6900,160,2.193,0.001,75,25,1,10,17,22,20,14,16
194,腎臓結石 原因,5700,160,2.378,-0.001,32,68,1,4,9,18,28,21,19
195,腎盂腎炎 抗生剤,5500,160,2.382,3.215,27,73,0,11,17,24,24,14,10
196,犬 尿路結石,4900,160,2.517,0,22,78,2,8,14,27,33,13,3
197,尿路上皮癌,4600,160,2.614,0.001,46,54,0,8,10,16,21,21,24
198,コスパノンカプセル40mg,3300,160,2.979,2.219,39,61,0,5,9,15,27,23,21
199,コスパノン錠80mg,2500,160,3.225,0.399,42,58,1,3,7,15,26,26,22
200,巨赤芽球性貧血,10800,150,1.72,3.261,28,72,4,31,13,18,17,11,6
201,ジャパンコーマスケール,10000,150,1.731,-19.687,21,79,5,36,16,21,16,4,2
202,尿道カテーテルとは,9500,150,1.819,21.859,41,59,4,10,12,18,21,19,16
203,尿道カテーテル 男性,9400,150,1.831,-3.952,61,39,3,9,9,14,21,23,21
204,出血性膀胱炎,8700,150,1.891,0.004,23,77,1,15,14,20,23,16,11
205,急性腎炎,8500,150,1.886,0.002,28,72,1,8,17,25,22,15,12
206,尿道炎 女性,7500,150,2.124,0.02,4,96,2,11,13,21,26,16,11
207,膀胱炎症状,7400,150,2.115,-0.254,20,80,5,12,7,16,26,16,18
208,尿潜血 3+ 女性,6800,150,2.12,-0.067,12,88,0,7,13,23,27,16,14
209,尿細胞診,5100,150,2.428,1.971,35,65,0,7,10,19,25,22,17
210,ウラリット,5100,150,2.414,0.186,51,49,0,10,12,22,23,19,14
211,腎結石 症状,3700,150,2.717,0.028,46,54,1,6,11,22,27,23,10
212,三大痛み,3400,150,2.835,0.325,47,53,3,17,19,24,20,11,6
213,副甲状腺ホルモン,10600,140,1.685,-7.119,31,69,6,34,8,11,15,13,13
214,感染性腸炎,10300,140,1.691,-0.016,32,68,3,21,19,21,19,10,7
215,クスマウル呼吸とは,9700,140,1.746,-2.207,33,67,4,43,16,18,12,5,2
216,尿閉とは,9600,140,1.743,4.48,30,70,2,18,10,17,22,17,14
217,呼吸性アシドーシス,9400,140,1.775,1.938,29,71,3,43,18,16,13,5,2
218,脇腹が痛い,9100,140,1.84,-0.088,35,65,8,13,14,18,18,14,15
219,尿潜血 1+,8800,140,1.816,-1.592,28,72,1,5,10,19,26,21,18
220,右脇腹 つるような痛み,8500,140,1.786,-1.51,26,74,1,6,15,26,29,14,9
221,左脇腹後ろの痛み,8100,140,1.865,-0.057,35,65,0,3,8,23,37,20,9
222,ゴールドタイガー,7600,140,1.984,-12.287,82,18,13,42,30,7,4,2,2
223,膀胱癌 女性 症状,7500,140,2.016,-0.037,3,97,1,3,10,24,31,16,15
224,クエンメット配合錠,7500,140,1.97,5.936,47,53,0,6,13,19,26,19,17
225,尿路感染症 原因,6900,140,2.085,0.001,32,68,2,14,13,17,26,17,11
226,腎臓がん 症状,6900,140,2.041,0.006,30,70,2,5,11,19,26,19,18
227,慢性膀胱炎,6700,140,2.113,-0.977,16,84,1,7,11,20,24,21,16
228,腎炎 症状 女性,6600,140,2.062,-0.249,17,83,1,5,12,23,27,18,14
229,水腎症とは,4900,140,2.439,7.571,20,80,1,20,15,15,23,13,13
230,腎結石 原因,4500,140,2.454,0,31,69,1,4,12,25,29,17,12
231,腎臓結石 症状,3600,140,2.723,0.774,39,61,0,2,7,15,25,27,24
232,尿結石 初期症状,2700,140,2.967,-0.124,41,59,2,10,21,25,23,11,8
233,尿管結石 コーヒー,2200,140,3.133,0.172,63,37,0,13,25,25,22,10,5
234,尿の泡立ち,10400,130,1.69,0.001,34,66,1,3,4,8,19,23,42
235,階差宇宙,10000,130,1.694,-5.571,66,34,19,41,27,7,3,1,2
236,相羽ういは 転生,9700,130,1.726,-13.919,29,71,19,50,21,6,2,1,1
237,ブレーデンスケール,9300,130,1.689,-0.071,16,84,3,46,14,19,12,4,2
238,不破湊 前世,9000,130,1.736,-73.111,15,85,21,37,23,11,5,2,1
239,かかりつけ薬剤師 要件,9000,130,1.719,-17.609,33,67,0,9,20,25,23,16,7
240,腸蠕動音,8800,130,1.745,-7.487,17,83,4,43,15,18,13,5,2
241,レオスヴィンセント,8800,130,1.742,-47.253,23,77,16,33,27,14,6,2,2
242,にじさんじ デビュー日一覧,8400,130,1.856,-11.02,29,71,19,46,23,7,3,1,1
243,膀胱癌 ステージ,8400,130,1.849,19.902,42,58,0,4,8,17,24,21,26
244,アクシアクローネ,8300,130,1.872,-69.867,20,80,22,36,26,10,4,1,1
245,尿の出が悪い,8300,130,1.861,0.047,42,58,1,2,3,8,19,27,40
246,左脇腹が痛い,8100,130,1.86,-0.606,33,67,1,6,10,18,25,20,20
247,エクスアルビオ,8000,130,1.863,-40.879,26,74,14,33,31,13,6,2,1
248,腎臓 場所,7600,130,1.827,-0.032,35,65,2,10,24,33,21,6,4
249,伊波ライ 前世,7500,130,1.952,-45.423,7,93,26,45,16,7,4,1,1
250,右側腹部の痛み,7000,130,1.939,-6.546,23,77,2,8,16,24,27,13,10
251,胆石症 症状,6900,130,2.017,0.059,32,68,2,12,11,18,26,17,14
252,尿路感染症 症状,6600,130,2.073,0.002,22,78,2,22,15,15,23,14,9
253,前立せん炎 症状,6400,130,2.066,-6.497,69,31,1,7,13,19,20,20,20
254,健康サポート薬局,5900,130,2.145,-1.023,41,59,1,15,20,24,22,11,7
255,尿に白い浮遊物,5700,130,2.195,5.116,25,75,3,7,8,17,24,19,22
256,膀胱が痛い,5500,130,2.265,0.003,38,62,7,14,12,18,20,17,12
257,左下腹部の痛み 腰痛,5400,130,2.233,-0.338,28,72,1,6,14,28,28,15,8
258,俳尿後 痛みがある,3700,130,2.598,52.081,35,65,1,11,15,19,21,16,17
259,腎臓結石 手術方法,3000,130,2.819,0.258,42,58,0,1,5,13,24,32,25
260,尿管ステント留置術,2600,130,2.947,4.799,25,75,0,19,13,19,24,13,12
261,剣持刀也 中の人,8700,120,1.689,-43.092,16,84,29,33,20,10,5,2,1
262,俳尿時 痛みがある 女性,8600,120,1.715,22.314,6,94,1,13,16,22,22,13,13
263,潜血2+ 女性,8200,120,1.757,0.799,9,91,1,4,10,18,30,20,17
264,膀胱炎 漢方,8200,120,1.737,-5.929,12,88,0,6,14,27,28,14,11
265,神経因性膀胱,7800,120,1.789,0.004,31,69,1,20,18,21,19,12,9
266,遊走腎,7700,120,1.846,-0.675,22,78,1,7,11,20,23,20,18
267,ストルバイト 猫,7700,120,1.808,0.013,18,82,1,5,12,23,31,19,9
268,左脇腹 違和感 張り,6900,120,1.856,11.442,44,56,2,5,15,26,28,15,9
269,睾丸 痛い,6700,120,1.862,-2.171,77,23,4,11,22,30,21,9,3
270,右下腹部 つるような痛み,6600,120,1.966,-0.078,20,80,1,9,20,28,25,11,6
271,泌尿器科 名医,6300,120,2.078,-0.1,41,59,0,1,2,8,22,32,35
272,尿石,5800,120,2.074,0,53,47,2,11,20,24,20,13,10
273,ステント留置後の生活,5400,120,2.24,21.461,45,55,0,2,2,10,24,31,31
274,turbt,5400,120,2.173,0,31,69,0,37,18,16,13,8,8
275,ウラリット配合錠,4600,120,2.296,0.002,48,52,0,6,12,19,24,20,19
276,尿管ガン 初期症状,4200,120,2.477,10.023,34,66,1,2,4,11,24,27,31
277,eswl 医療,4000,120,2.429,1.444,34,66,1,18,16,18,20,15,12
278,猫 尿路結石 フード,3600,120,2.516,0,22,78,1,6,14,26,33,16,4
279,排尿痛 男性,3300,120,2.613,0.001,82,18,1,11,20,18,15,14,21
280,ジェーンドゥ ゼンゼロ,8100,110,1.71,-43.445,78,22,17,42,30,7,2,1,1
281,テタニー,8000,110,1.715,3.543,33,67,3,37,17,17,14,8,4
282,健屋花那,8000,110,1.709,-18.179,54,46,16,32,29,12,5,3,3
283,悪魔博士,7900,110,1.763,59.485,85,15,11,38,29,11,6,3,2
284,ライカン ゼンゼロ,7900,110,1.754,-64.716,56,44,16,39,32,8,3,1,1
285,前立腺生検,7700,110,1.712,14.15,58,42,0,11,7,10,14,26,32
286,心胸郭比,7500,110,1.782,-0.007,37,63,1,43,17,15,12,7,5
287,弛張熱,7500,110,1.705,-0.19,33,67,3,20,21,24,16,10,6
288,下腹部痛 腰痛,7100,110,1.748,-0.327,12,88,1,7,21,30,22,12,7
289,クロルプロマジン,7000,110,1.787,4.494,40,60,1,33,17,17,17,9,6
290,抗利尿ホルモン,6900,110,1.828,0.844,32,68,4,29,12,19,16,10,10
291,樋口楓 中の人,6900,110,1.816,-8.514,62,38,14,32,29,16,6,2,1
292,にじさんじ 前世,6700,110,1.9,-25.584,16,84,26,43,20,6,3,1,1
293,尿量が少ない,6600,110,1.86,-0.004,21,79,1,9,8,17,24,20,21
294,睾丸 痛み,6400,110,1.853,-0.022,82,18,2,8,22,31,23,10,4
295,にょう 茶色 原因,5500,110,2.062,-0.446,35,65,3,12,22,25,23,10,5
296,腎細胞癌,5400,110,2.048,0.016,39,61,1,11,11,19,24,19,15
297,腎臓が痛い,5200,110,2.083,-0.539,43,57,4,12,13,21,25,15,10
298,膀胱癌 検査,5000,110,2.166,0.024,50,50,1,3,6,16,22,24,28
299,尿道炎 自然治癒,4900,110,2.121,-1.591,73,27,3,19,23,21,15,8,11
300,膀胱炎 腰痛,4800,110,2.211,-0.326,12,88,1,14,23,29,23,8,2
301,座薬 市販,3700,110,2.398,0.773,47,53,0,6,17,24,23,16,14
302,ウラジロガシ茶の効能,3600,110,2.487,3.326,30,70,0,1,4,14,30,30,21
303,膀胱炎 男性 症状,3600,110,2.42,-0.003,50,50,1,11,21,27,22,10,8
304,慢性腎盂腎炎,3300,110,2.503,2.233,23,77,2,12,17,25,24,15,5
305,尿どう 痛み,3100,110,2.586,-3.52,61,39,3,9,20,25,21,11,11
306,じん結石,3100,110,2.55,0,39,61,1,5,9,24,31,20,10
307,ソマトスタチン,7400,100,1.688,-1.812,35,65,4,50,12,13,11,6,4
308,にじさんじ ボイス,7200,100,1.699,22.417,17,83,23,47,21,5,3,1,0
309,無気肺,7100,100,1.688,-19.054,27,73,1,34,20,19,14,7,5
310,徘尿障害,7000,100,1.795,4.133,44,56,1,5,6,14,20,24,30
311,ローレン 前世,6900,100,1.795,-75.512,17,83,23,42,23,8,3,0,1
312,下腹の痛み原因,6800,100,1.759,9.36,28,72,1,3,5,16,26,26,23
313,アニオンギャップ,6800,100,1.743,-17.908,50,50,0,34,25,19,12,6,4
314,ブルンベルグ徴候,6800,100,1.73,-0.523,30,70,4,51,15,14,10,4,2
315,渚トラウト 前世,6700,100,1.821,-61.675,8,92,24,43,20,7,4,1,1
316,夢月ロア,6700,100,1.779,7.212,46,54,15,35,30,13,4,2,1
317,左腰の痛み,6700,100,1.697,-0.026,33,67,1,7,14,24,30,15,9
318,ムーアの分類,6300,100,1.834,2.991,12,88,2,51,13,15,12,5,2
319,副甲状腺機能低下症,6300,100,1.794,0.979,31,69,1,18,12,17,22,17,13
320,ストルバイト 犬,6200,100,1.837,0.007,17,83,1,6,9,22,35,19,8
321,胆嚢結石 原因,6100,100,1.819,0.005,31,69,1,5,9,19,29,23,14
322,泌尿器科 読み方,6000,100,1.941,0.004,48,52,8,27,25,16,10,4,10
323,膀胱タンポナーデ,6000,100,1.868,1.688,30,70,1,24,18,20,17,12,8
324,糸球体,5600,100,1.967,0.007,38,62,18,23,11,14,14,9,11
325,たんせきとは,5600,100,1.951,-4.471,38,62,1,4,9,16,25,20,25
326,腹部ct,5400,100,1.905,1.836,33,67,2,13,14,24,24,13,10
327,ステント留置術,5200,100,2.003,22.119,33,67,1,12,9,16,23,18,21
328,尿管カテーテル,4900,100,2.089,2.269,47,53,3,7,11,16,22,22,19
329,消化性潰瘍,4800,100,2.063,4.523,31,69,2,29,16,18,17,10,8
330,急性膀胱炎,4700,100,2.139,-0.008,20,80,6,27,16,16,19,10,6
331,酒寄颯馬 前世,4500,100,2.174,-12.774,10,90,29,44,17,5,3,1,1
332,おシッコに血が混じる,4500,100,2.162,-8.146,27,73,2,6,8,18,29,18,19
333,腎硬化症,4400,100,2.151,-0.318,38,62,1,15,12,18,22,16,16
334,尿路感染症 発熱,4300,100,2.216,0.001,19,81,0,6,10,17,32,26,9
335,尿沈渣 赤血球,4300,100,2.173,-0.021,28,72,1,7,10,24,26,20,12
336,タムスロシン 副作用,4200,100,2.288,16.362,78,22,0,3,3,5,13,26,50
337,ボルタレンサポ50mg,4200,100,2.262,0.515,48,52,0,5,11,18,22,20,24
338,尿管がん,4000,100,2.339,5.245,48,52,1,4,6,11,20,23,35
339,急性前立腺炎,4000,100,2.216,0.003,63,37,2,10,11,20,22,21,14
340,腎臓 結石,3800,100,2.285,0.001,41,59,1,6,18,31,29,11,4
341,膀胱 位置,3700,100,2.351,4.315,35,65,2,14,25,26,18,8,7
342,腹部大動脈瘤破裂,3600,100,2.405,0.006,33,67,1,17,16,22,22,14,8
343,尿道狭窄,3300,100,2.437,0.9,47,53,2,7,11,18,21,18,23
344,kub,3000,100,2.569,5.243,37,63,0,16,14,21,22,14,13
345,にじさんじ 好き嫌い,7100,90,1.695,-79.673,19,81,28,38,19,7,5,2,1
346,にじそうさく09,6800,90,1.692,-183.668,15,85,16,46,24,7,4,2,1
347,加賀美ハヤト 中の人,6600,90,1.723,-21.14,21,79,19,33,27,12,6,2,1
348,慢性糸球体腎炎,6600,90,1.695,0.036,27,73,2,15,14,23,23,13,10
349,肺うっ血,6500,90,1.723,-7.714,29,71,2,45,17,17,11,5,3
350,ヘリオトロープ疹,6500,90,1.723,-11.541,25,75,1,29,11,18,21,13,7
351,酸塩基平衡,6500,90,1.71,-5.8,30,70,7,35,17,19,13,6,3
352,ロイヤルカナン ユリナリー,6500,90,1.693,1.956,20,80,1,3,10,21,32,21,12
353,ネフロンとは,6400,90,1.772,26.831,33,67,16,36,7,12,13,8,8
354,項部硬直とは,6400,90,1.766,-1.856,42,58,2,38,22,20,11,5,2
355,心拍出量,6400,90,1.747,-0.412,39,61,4,42,17,16,11,5,5
356,衝撃波治療,6400,90,1.704,16.827,39,61,3,4,8,22,29,19,15
357,イブラヒム 前世,6200,90,1.779,-100.864,16,84,18,39,26,10,5,1,1
358,エコー検査でわかること,6200,90,1.739,3.367,50,50,2,8,12,18,21,16,23
359,サイアザイド系利尿薬,6200,90,1.715,-6.869,46,54,0,31,19,18,15,9,8
360,ジギタリス中毒,6100,90,1.801,-20.935,30,70,1,28,15,16,14,10,16
361,ゼンゼロ ルーシー,6100,90,1.785,2.185,77,23,15,43,30,7,3,1,1
362,イヴリン ゼンゼロ,6100,90,1.768,66.955,77,23,19,39,31,7,2,1,1
363,s状結腸憩室炎,6000,90,1.751,13.054,35,65,1,7,8,16,27,23,18
364,白雪巴,6000,90,1.745,-32.484,51,49,12,32,34,13,5,2,2
365,尿が近い,5800,90,1.822,-0.112,49,51,3,5,6,14,21,21,30
366,lol キャラ,5800,90,1.812,-10.884,69,31,11,46,24,9,5,3,2
367,夜見れな,5700,90,1.825,-12.449,58,42,12,29,35,15,5,2,2
368,腹痛 右下腹部,5700,90,1.778,-0.029,30,70,1,9,19,30,23,11,7
369,腎前性腎不全,5600,90,1.896,0.004,32,68,1,38,18,17,15,8,3
370,お腹左下痛い,5600,90,1.845,-3.916,30,70,7,14,16,21,25,12,5
371,ツムラ40 猪苓湯,5300,90,2.011,2.261,17,83,0,1,2,7,21,30,39
372,フォルクマン拘縮,5200,90,1.951,0.831,35,65,3,54,13,15,10,4,1
373,近くの泌尿器科,5100,90,1.977,0.015,49,51,3,9,6,12,20,22,28
374,腎臓内科 泌尿器科 違い,5000,90,2.017,5.724,26,74,1,5,8,18,28,20,20
375,ぼうこう脱 症状,5000,90,1.964,-26.052,5,95,1,1,3,16,29,24,26
376,尿が濃い原因,5000,90,1.887,-4.931,34,66,1,8,12,22,26,15,16
377,膀胱炎 治らない,4500,90,2.096,-0.1,7,93,2,20,22,25,20,6,5
378,右下腹部の痛み 腰痛,4400,90,2.037,-0.38,25,75,1,5,11,25,30,16,12
379,腎臓位置,4100,90,2.078,0.065,44,56,3,8,9,21,29,20,10
380,排尿時の痛み,3900,90,2.252,-0.742,46,54,2,10,12,16,21,19,20
381,ボルタレンサポ,3200,90,2.388,0.085,38,62,0,20,16,15,16,13,20
382,膀胱炎 痛み,3200,90,2.328,0.059,22,78,2,17,24,27,19,7,4
383,血尿 血の塊が出る,2800,90,2.546,-0.003,56,44,1,5,9,14,28,24,19
384,肉眼的血尿,2800,90,2.455,0.202,35,65,2,16,18,25,20,12,7
385,膠質浸透圧,6200,80,1.693,-9.789,31,69,8,52,11,12,11,4,2
386,クッシング現象,6100,80,1.699,-0.227,31,69,1,49,18,16,11,3,2
387,ニュイソシエール,6000,80,1.716,-42.468,73,27,9,27,37,18,5,2,2
388,ウィリス動脈輪,6000,80,1.704,-14.882,40,60,8,57,13,10,7,3,2
389,猫間たま,5900,80,1.717,-25.336,27,73,16,35,30,11,5,1,2
390,黒井しば,5900,80,1.71,-53.648,42,58,13,25,32,17,8,3,2
391,聖園ミカ,5800,80,1.716,-6.41,84,16,17,41,26,7,4,2,3
392,逆行性射性とは,5800,80,1.712,6.137,83,17,4,11,11,11,14,21,28
393,濃縮尿,5800,80,1.7,2.925,22,78,1,21,17,23,22,11,5
394,vta オーディション,5800,80,1.689,-26.226,24,76,22,52,15,5,4,1,1
395,膀胱炎 腹痛,5700,80,1.746,-0.59,10,90,3,23,27,26,14,5,2
396,ラトナプティ,5600,80,1.772,-85.003,63,37,13,35,31,12,5,2,2
397,五十嵐梨花,5600,80,1.755,-41.734,64,36,9,30,38,14,5,2,2
398,猫おシッコ出ない,5500,80,1.762,-4.514,22,78,1,2,4,16,36,25,16
399,高張性脱水,5500,80,1.686,-13.471,27,73,3,47,16,16,12,4,2
400,シーハン症候群,5400,80,1.817,-18.26,26,74,1,41,15,17,13,7,6
401,ベルモンドバンデラス,5400,80,1.799,-76.058,35,65,14,28,30,16,8,3,1
402,ディティカ,5400,80,1.761,-22.056,9,91,23,36,23,10,5,2,1
403,ろふまお煎餅,5400,80,1.696,90.922,19,81,18,22,18,20,16,5,1
404,膵臓炎 症状,5300,80,1.749,-11.83,45,55,1,4,10,17,23,19,26
405,雅 ゼンゼロ,5200,80,1.827,17.685,77,23,21,41,27,6,2,1,2
406,尿意がない 原因,5200,80,1.817,0.752,29,71,1,6,10,19,25,21,18
407,骨盤腹膜炎,5200,80,1.774,-0.043,17,83,1,17,25,25,18,10,4
408,尿 ph,5000,80,1.821,0.696,38,62,2,20,15,22,20,13,8
409,特定薬剤管理指導加算2,5000,80,1.754,-96.075,39,61,0,8,20,27,25,13,7
410,学マス サポカ 評価,4900,80,1.993,-8.971,67,33,18,48,24,5,3,1,1
411,鏑木ろこ,4900,80,1.899,-34.075,51,49,14,35,28,12,5,2,4
412,胆石 薬,4900,80,1.866,-2.024,43,57,0,3,9,22,28,22,16
413,背部痛,4800,80,1.844,0.002,31,69,3,16,24,24,18,10,5
414,残尿感 女性 治し方 ツボ,4700,80,1.871,-1.877,6,94,5,8,11,19,28,18,11
415,前立腺炎 治し方,4600,80,1.932,0.446,79,21,1,9,14,21,22,19,14
416,膀胱炎 下腹部痛,4600,80,1.892,-0.058,9,91,2,18,26,26,19,6,3
417,腹膜刺激症状,4600,80,1.891,4.182,41,59,1,41,24,19,10,3,2
418,痛風結節,4600,80,1.879,-0.001,60,40,1,11,16,24,22,17,9
419,ブルアカ ミカ,4500,80,2.028,28.754,78,22,15,43,27,9,3,2,1
420,骨盤内うっ血症候群,4500,80,1.934,0.063,15,85,2,9,17,29,24,13,6
421,糸球体濾過量,4200,80,1.984,36.424,29,71,4,31,8,13,15,13,16
422,成瀬鳴 転生,4200,80,1.975,-1.922,13,87,21,42,22,9,4,1,1
423,尿ph 正常値,4100,80,2.091,6.697,39,61,1,11,6,12,20,21,29
424,尿に血が混じる 原因,4000,80,2.127,-0.009,33,67,1,2,3,9,23,28,34
425,ストルバイト,3900,80,2.006,13.498,26,74,1,8,12,24,31,17,7
426,尿潜血 2+,3700,80,2.078,-4.754,65,35,1,5,12,20,25,19,18
427,前立腺肥大症 症状,3500,80,2.184,1.005,60,40,1,13,6,13,22,21,24
428,尿道炎 膀胱炎 違い,3400,80,2.272,-0.239,12,88,1,9,10,20,24,21,15
429,右腰後ろの痛み 腎臓,3300,80,2.143,-1.538,39,61,1,2,8,24,34,19,12
430,血尿 男性,3200,80,2.306,-0.225,24,76,2,13,26,29,20,7,3
431,潜血3+ 女性,3100,80,2.315,-1.265,11,89,2,6,12,22,30,14,14
432,腎盂腎炎 何科受診,3100,80,2.257,-1.276,17,83,1,11,19,26,28,9,6
433,右横腹が痛い 男性,3000,80,2.357,-0.243,88,12,2,8,16,24,25,15,10
434,血尿スケール 5段階,3000,80,2.344,-0.002,23,77,0,14,11,20,26,17,12
435,膀胱 場所,3000,80,2.331,1.385,32,68,2,11,27,32,19,6,3
436,尿道炎 薬,2900,80,2.41,0.853,67,33,1,11,17,23,21,12,15
437,尿酸結晶,2800,80,2.344,0,57,43,1,19,16,22,21,11,10
438,腎臓 腫れる 原因,2700,80,2.374,0.004,30,70,1,6,17,30,29,11,6
439,カードラッシュ デュエマ,5300,70,1.703,21.458,92,8,18,45,25,7,4,1,0
440,天盃龍 遊戯王,5200,70,1.75,-47.984,97,3,3,33,56,4,1,2,1
441,ビショップスコア,5200,70,1.723,-39.667,15,85,1,50,27,11,7,3,1
442,エデン組,5200,70,1.69,-52.069,23,77,19,33,25,12,6,3,2
443,転身の装衣 入手,5100,70,1.77,-1.184,87,13,8,43,27,13,6,2,1
444,スタレ ストーリー,5100,70,1.761,71.829,65,35,25,45,22,4,2,1,1
445,肺サーファクタント,5100,70,1.722,-31.065,24,76,3,51,13,13,9,6,5
446,膀胱瘤,5000,70,1.733,37.586,16,84,1,7,10,14,22,20,26
447,天開司,5000,70,1.727,-10.446,57,43,6,22,38,22,7,2,3
448,アクシア 転生先,4900,70,1.844,-13.485,11,89,24,44,22,6,2,1,1
449,ゼンゼロ アンビー,4900,70,1.794,23.144,80,20,18,41,27,9,3,1,1
450,ゼンゼロ バーニス,4900,70,1.748,19.877,81,19,17,41,27,8,4,2,1
451,腎臓癌,4900,70,1.738,2.235,40,60,1,2,7,15,24,22,29
452,尿道カテーテル 女性,4900,70,1.714,-26.591,19,81,4,14,15,19,20,15,13
453,相羽ういは,4800,70,1.836,-44.663,40,60,21,35,27,10,4,1,2
454,トレンデレンブルグ徴候,4800,70,1.818,13.172,33,67,3,51,13,13,11,6,3
455,ビオー呼吸,4800,70,1.794,-15.916,29,71,3,39,20,19,13,4,2
456,ct検査 被爆 年何回まで,4800,70,1.732,8.662,41,59,1,3,6,13,24,27,26
457,お腹の右側が痛い,4800,70,1.716,-0.344,33,67,6,14,17,19,19,14,11
458,膵炎 血液検査,4800,70,1.692,2.511,37,63,0,9,12,21,25,18,15
459,にじさんじ ファンマーク,4700,70,1.873,-6.197,9,91,26,41,22,7,3,1,0
460,血漿浸透圧,4700,70,1.826,-9.475,32,68,2,55,14,13,9,4,3
461,左心不全 症状,4700,70,1.729,-0.002,26,74,4,47,13,15,13,5,3
462,転倒転落 看護計画,4700,70,1.705,-30.479,8,92,1,62,9,13,10,3,2
463,両脇腹が痛い 原因,4600,70,1.729,-2.009,35,65,2,6,15,24,28,15,10
464,高血圧緊急症,4600,70,1.708,-0.179,50,50,1,24,21,20,19,9,6
465,ルーシー ゼンゼロ,4500,70,1.87,-58.401,76,24,18,38,32,7,2,2,1
466,腰痛 腹痛 同時,4500,70,1.69,-0.472,29,71,2,12,27,29,20,7,3
467,糖尿病腎症,4400,70,1.895,-0.552,32,68,1,23,12,17,20,14,13
468,赤城ウェン 前世,4400,70,1.834,-15.771,6,94,25,46,18,6,4,1,0
469,子宮復古,4400,70,1.75,17.143,13,87,3,48,27,13,6,2,1
470,無症候性血尿,4400,70,1.749,8.009,19,81,3,15,24,27,16,8,7
471,脇腹の痛み 左側,4300,70,1.87,-0.15,36,64,1,5,11,21,25,20,17
472,甲斐田晴 前世,4300,70,1.861,-19.037,7,93,28,39,17,9,5,1,1
473,膀胱炎 熱が出る,4300,70,1.838,-5.825,13,87,2,17,21,23,23,10,4
474,ヒュージョーンズ分類,4300,70,1.813,7.072,28,72,2,46,15,17,11,6,3
475,腎癌,4300,70,1.809,17.43,39,61,1,8,9,20,25,20,17
476,左下腹部痛,4200,70,1.914,-0.001,23,77,2,17,24,24,19,9,5
477,左脇腹の痛み 膵臓,4200,70,1.909,-5.847,40,60,0,2,10,23,27,21,17
478,ブラジキニン,4200,70,1.876,-3.59,44,56,3,39,14,15,14,9,6
479,腎盂拡張とは,4200,70,1.852,0.212,24,76,1,4,9,21,26,24,15
480,腹痛 腰痛 同時,4200,70,1.816,-0.009,22,78,2,14,28,30,18,6,2
481,横腹が痛い 左,4200,70,1.804,-0.127,26,74,5,15,15,21,24,12,8
482,魁星 前世,4100,70,1.899,-72.482,6,94,24,41,22,7,3,2,1
483,腰とお腹が痛い,4000,70,1.941,-0.086,25,75,4,13,13,24,24,14,8
484,膀胱腫瘍,3900,70,1.927,0.003,35,65,0,6,8,13,23,22,28
485,卵巣茎捻転,3800,70,1.967,0.025,15,85,3,17,26,27,16,7,4
486,左下腹部の痛み おなら,3700,70,2.007,0,27,73,3,9,13,23,24,17,11
487,膀胱炎 腰の痛み,3700,70,1.989,-0.126,11,89,2,20,22,26,21,6,3
488,原発性副甲状腺機能亢進症,3700,70,1.937,8.792,32,68,0,19,13,16,21,19,12
489,欠尿 原因,3600,70,2.085,-0.521,39,61,0,4,7,20,27,19,23
490,おしっ子する時 痛み 女性,3600,70,1.995,-0.42,3,97,10,28,20,18,16,5,3
491,腎梗塞,3500,70,2.114,1.22,40,60,1,15,20,21,20,14,9
492,エクスアルビオ 前世,3500,70,2.055,-46.192,10,90,19,39,23,10,6,2,1
493,腰痛 吐き気,3500,70,1.979,-0.053,31,69,2,20,29,26,16,4,3
494,尿路感染 症状,3500,70,1.972,2.924,17,83,2,32,24,19,14,5,4
495,猪苓湯 効果,3300,70,2.178,8.767,20,80,1,7,7,15,23,21,26
496,白雪巴 中の人,3300,70,2.147,-65.246,55,45,14,40,30,11,3,1,1
497,腎盂腎炎 自然治癒,3300,70,2.053,0.601,19,81,1,14,22,25,22,9,7
498,ツムラ猪苓湯,3200,70,2.206,0.346,22,78,1,6,7,12,17,23,34
499,ブロッコリー シュウ酸,3200,70,2.063,6.836,29,71,0,10,17,23,22,19,9
500,腎盂腎炎 食事,3100,70,2.237,0.359,19,81,1,9,10,19,29,19,13
501,レインパターソン 前世,3100,70,2.164,-42.28,48,52,16,41,29,8,3,2,1
502,ユリナリーso,3100,70,2.135,-0.011,32,68,1,5,11,21,30,20,12
503,左下っ腹が痛い,3100,70,2.096,-7.791,53,47,3,8,20,26,22,14,7
504,日本泌尿器科学会,3100,70,2.079,-1.258,77,23,0,4,14,24,25,19,14
505,船橋クリニック,3000,70,2.164,15.876,48,52,1,4,9,20,25,21,20
506,腎臓結石 原因 食べ物,2800,70,2.348,-0.006,33,67,1,1,3,10,27,33,25
507,膀胱 違和感,2800,70,2.295,-0.001,41,59,2,16,24,27,18,8,5
508,血管透過性とは,2800,70,2.229,-24.597,23,77,1,66,10,11,7,3,2
509,健康サポート薬局研修,2700,70,2.336,-39.093,33,67,1,14,26,24,22,10,3
510,疝痛発作,2600,70,2.387,0.327,38,62,2,13,11,24,26,14,10
511,座薬 痛み止め,2500,70,2.413,3.29,37,63,2,10,27,25,19,8,9
512,三枝明那 前世,4700,60,1.759,-106.935,6,94,32,40,15,7,4,1,1
513,膀胱がん 手術方法,4700,60,1.7,1.777,38,62,0,4,4,14,24,24,30
514,クレアチニンキナーゼ,4600,60,1.736,31.868,33,67,0,31,12,14,15,12,16
515,グルココルチコイド,4600,60,1.711,-20.033,39,61,3,35,12,15,16,10,9
516,ジュネーブ宣言,4600,60,1.707,-0.197,30,70,5,46,12,15,12,7,3
517,パラソルモン,4600,60,1.698,-31.919,26,74,8,55,10,12,10,3,2
518,ブルアカ ホシノ,4500,60,1.76,-76.402,72,28,20,40,24,9,4,2,1
519,rbc 基準値,4400,60,1.773,-39.238,18,82,5,52,8,7,6,5,17
520,矢車りね,4400,60,1.756,-79.357,48,52,9,29,39,14,5,2,2
521,膀胱炎薬,4400,60,1.71,-1.866,16,84,4,11,5,15,31,21,13
522,にじさんじ まねきねこ,4400,60,1.698,-23.748,9,91,27,40,19,8,4,1,1
523,分岐鎖アミノ酸,4300,60,1.769,-49.122,36,64,9,42,11,12,12,9,5
524,下腹部 痛み,4300,60,1.731,0.1,28,72,3,19,29,26,14,6,3
525,パラトルモン,4300,60,1.728,-42.661,37,63,25,46,7,7,8,4,3
526,1秒率とは,4300,60,1.723,-9.164,30,70,2,60,6,10,11,7,4
527,オバブ ランク,4300,60,1.719,-38.994,97,3,4,37,47,8,1,2,1
528,にじさんじファンクラブ,4300,60,1.707,-36.553,14,86,20,49,19,6,4,1,1
529,にじさんじ 中の人,4300,60,1.7,-35.582,40,60,13,32,34,14,4,2,1
530,デュエプレ 新弾,4200,60,1.848,29.702,97,3,26,52,17,2,2,1,0
531,バロムの章,4200,60,1.781,-5.259,95,5,16,51,24,4,3,1,1
532,ゼンゼロ 柳,4200,60,1.761,25.304,83,17,11,38,35,10,3,2,1
533,背中の痛み 腎臓,4200,60,1.737,-3.164,38,62,1,3,11,24,29,18,14
534,右脇腹下側の痛み,4200,60,1.727,-0.605,36,64,1,2,10,22,33,20,12
535,腎臓 役割,4200,60,1.703,-0.319,50,50,11,26,22,23,13,2,3
536,tp 基準値,4200,60,1.694,1.03,13,87,6,69,12,5,3,1,4
537,尿に糖が出たら,4200,60,1.693,26.903,33,67,0,4,6,13,27,26,24
538,カーナベルデュエマ,4100,60,1.812,-64.895,90,10,21,44,18,8,6,2,1
539,鳴潮 課金,4100,60,1.753,-34.602,78,22,12,34,34,12,4,2,2
540,フレン 中の人,4100,60,1.696,-9.841,76,24,6,34,41,13,3,1,2
541,泌尿器,4000,60,1.858,0.16,55,45,4,12,9,14,15,16,30
542,レニン,4000,60,1.823,-6.096,35,65,6,35,10,16,15,10,8
543,ゼンゼロ カリン,4000,60,1.771,9.559,69,31,16,42,30,7,3,1,1
544,坂泌尿器科病院,4000,60,1.762,-0.028,50,50,1,3,7,16,24,25,24
545,お腹と腰が痛い,4000,60,1.746,-0.172,22,78,6,13,15,25,25,12,4
546,ワイルズ 連撃,4000,60,1.737,82.586,93,7,2,35,42,14,3,2,2
547,伸張反射とは,4000,60,1.714,-32.102,45,55,7,52,11,13,10,5,2
548,泉中央病院,4000,60,1.698,-1.718,50,50,1,5,8,16,25,22,23
549,夢追いかける炎上,3900,60,1.86,-23.763,23,77,24,34,25,11,4,1,1
550,kemono 更新停止,3900,60,1.838,32.883,97,3,23,41,24,7,3,1,1
551,大腸憩室炎 症状,3900,60,1.803,0.157,31,69,0,4,7,15,26,26,22
552,中心静脈,3900,60,1.779,-0.003,33,67,3,28,13,16,17,12,11
553,plt 基準値,3900,60,1.759,-22.717,11,89,5,49,11,11,8,7,9
554,左下腹が痛い病気,3900,60,1.758,-0.001,41,59,2,7,15,26,26,15,9
555,にょう 潜血 原因,3900,60,1.75,-0.003,30,70,1,5,11,22,28,22,11
556,猫目やに原因,3900,60,1.732,-21.87,26,74,4,5,6,20,34,21,10
557,地域連携薬局,3900,60,1.715,62.642,46,54,0,13,21,26,23,11,6
558,天獄組,3900,60,1.698,16.434,62,38,10,18,36,23,8,2,3
559,心不全症状,3800,60,1.857,-38.319,26,74,2,21,8,16,21,17,15
560,ブルジンスキー徴候,3800,60,1.856,0.066,47,53,2,50,20,13,9,4,2
561,ネフローゼ症候群 診断基準,3800,60,1.837,-0.081,47,53,1,29,18,17,13,10,12
562,残尿測定,3800,60,1.798,-1.177,39,61,1,13,10,15,19,18,24
563,pde5阻害薬,3800,60,1.795,-11.217,74,26,0,13,11,15,18,20,23
564,消化に悪い食べ物 一覧,3800,60,1.716,44.076,35,65,5,12,19,23,20,12,9
565,八雲べに 代行,3700,60,1.961,-3.102,76,24,12,43,30,10,3,1,1
566,にじさんじ 歌謡祭2024,3700,60,1.944,-42.528,15,85,15,41,27,10,5,1,1
567,尿酸とは,3700,60,1.866,-19.385,42,58,5,25,16,17,16,8,13
568,胆石 痛み,3700,60,1.847,-0.001,32,68,1,6,18,33,27,10,5
569,フローボリューム曲線,3700,60,1.834,0.532,32,68,3,53,13,12,9,6,4
570,リドルジョーカー,3700,60,1.827,18.333,92,8,16,43,26,8,4,2,1
571,尿検査 ケトン体,3700,60,1.806,1.21,19,81,1,13,26,27,18,8,7
572,骨盤内炎症性疾患,3700,60,1.806,-2.544,17,83,2,19,23,25,19,8,4
573,膀胱炎 尿検査,3700,60,1.78,0.001,14,86,2,16,24,27,18,8,5
574,認定薬剤師 pecs,3700,60,1.742,-27.846,27,73,0,5,25,30,22,13,5
575,細菌培養同定検査,3700,60,1.734,-41.927,15,85,0,13,19,26,25,12,5
576,テント状t波,3600,60,1.895,18.649,36,64,1,51,25,14,7,2,0
577,分時換気量,3600,60,1.875,14.167,25,75,1,47,21,16,11,2,2
578,りりむ 中の人,3600,60,1.836,-22.363,47,53,13,40,29,11,5,1,1
579,ネフロン,3600,60,1.818,-8.624,36,64,15,39,10,13,12,6,5
580,腎兪 ツボ,3500,60,1.967,0.007,34,66,1,7,14,22,24,15,17
581,大腸癌 ct検査で分かる,3500,60,1.921,-14.353,32,68,0,3,11,20,27,21,18
582,剣持刀也 年齢,3500,60,1.903,-50.431,11,89,49,31,10,5,3,1,1
583,服用薬剤調整支援料2,3500,60,1.835,-6.516,32,68,0,15,26,27,19,9,4
584,遊戯王 マリス,3400,60,2.027,-35.38,94,6,4,38,49,4,2,2,1
585,ほうれん草 尿管結石,3400,60,2.009,16.044,44,56,5,32,26,18,13,4,2
586,胆道,3400,60,1.973,0.013,41,59,2,16,14,19,21,16,12
587,左鼠径部の痛み,3400,60,1.948,-3.09,35,65,1,8,16,27,24,14,10
588,後腹膜線維症,3400,60,1.897,5.443,47,53,0,13,16,18,20,17,16
589,脊髄くも膜下麻酔,3400,60,1.868,-7.198,26,74,3,33,20,18,12,7,7
590,ツムラ40,3300,60,2.058,16.273,21,79,1,3,6,13,23,24,30
591,尿路感染 抗生剤,3300,60,1.997,-2.225,42,58,0,15,20,24,22,12,7
592,尿が濁る原因,3300,60,1.989,-0.002,33,67,3,7,10,17,24,18,21
593,膀胱炎血尿,3300,60,1.972,-0.249,11,89,4,10,7,18,30,20,11
594,膀胱炎 治療,3300,60,1.912,-0.644,27,73,2,18,23,26,20,7,4
595,にじさんじ mbti まとめ,3300,60,1.897,-63.396,11,89,28,49,17,3,2,1,0
596,熊本泌尿器科病院,3200,60,1.996,1.559,48,52,0,6,8,15,24,25,22
597,ひばちまな 前世,3200,60,1.985,-53.833,7,93,23,44,19,8,4,1,1
598,前立腺 痛み,3200,60,1.96,-0.481,83,17,1,8,18,26,23,16,8
599,血液培養 目的,3200,60,1.917,39.33,18,82,1,29,12,20,22,11,5
600,尿検査 赤血球,3100,60,2.047,-0.661,25,75,2,6,14,31,26,12,9
601,ギルザレン3世,3100,60,1.985,-3.289,38,62,17,27,30,15,7,2,2
602,獅子堂あかり 前世,3000,60,2.168,-28.64,48,52,23,43,22,7,3,1,1
603,にじさんじ 共通衣装,3000,60,2.049,-2.083,9,91,24,40,23,7,3,2,1
604,排尿困難,3000,60,2.041,-8.242,43,57,0,6,8,13,18,23,32
605,ストラバイト結晶,3000,60,1.993,0.15,16,84,2,7,11,22,34,16,8
606,セルニルトン 効果が出るまで,2900,60,2.122,15.867,87,13,1,3,9,15,19,24,29
607,低栄養 検査データ,2900,60,2.007,0.079,10,90,3,52,10,14,11,5,5
608,膀胱炎 白血球 数値,2900,60,1.998,-6.1,10,90,1,10,16,26,28,13,6
609,猪苓湯 副作用,2800,60,2.259,9.814,20,80,1,4,6,12,24,25,28
610,尿が赤い原因,2800,60,2.225,-1.34,35,65,2,7,6,14,23,22,26
611,血尿の原因,2800,60,2.187,-0.025,46,54,1,2,2,9,21,26,39
612,腎臓痛い,2800,60,2.141,-1.025,36,64,7,18,15,23,23,10,4
613,下腹部左側の痛み,2800,60,2.023,-0.061,46,54,2,14,17,22,23,12,10
614,ツムラ 猪苓湯,2700,60,2.123,0.772,24,76,1,6,10,17,21,21,24
615,前立腺炎 薬,2700,60,2.089,2.584,82,18,1,7,15,23,22,20,12
616,腎臓場所,2700,60,2.068,-0.043,33,67,4,8,9,24,31,17,7
617,右下腹部の痛み 男性,2600,60,2.196,-0.06,75,25,2,6,13,25,25,15,14
618,ユリナリーsoライト 犬,2500,60,2.17,-0.002,26,74,1,2,7,21,34,20,15
619,尿道 痛い,2400,60,2.23,0.004,62,38,8,23,27,21,14,4,3
620,尿道炎 性病以外,2300,60,2.377,0.017,80,20,3,23,26,23,13,7,5
621,慢性前立せん炎 症状,2100,60,2.349,0.098,82,18,3,11,19,22,20,13,12
622,ワース 意味,4100,50,1.694,-48.9,60,40,11,37,23,10,6,7,6
623,フィブラート系薬剤,4100,50,1.69,-1.945,41,59,0,22,12,13,17,17,19
624,ゲンムエンペラー,4000,50,1.727,5.298,95,5,25,45,20,6,2,1,1
625,胆石性胆嚢炎,4000,50,1.696,-2.234,28,72,0,9,6,12,21,25,27
626,valorant 課金,3900,50,1.812,-56.302,87,13,46,38,8,4,2,1,1
627,ツーサイドアップ,3900,50,1.722,53.497,69,31,15,31,26,14,8,4,2
628,溢流性尿失禁,3900,50,1.704,50.608,23,77,5,28,12,18,20,10,7
629,初回通過効果とは,3900,50,1.704,-38.117,23,77,7,60,10,11,7,3,2
630,シトラリ 声優,3900,50,1.704,-71.324,67,33,18,35,30,10,4,2,1
631,クッシング症候群 症状,3900,50,1.691,0.002,19,81,2,21,7,14,25,20,11
632,胎児循環,3800,50,1.747,19.493,21,79,9,51,11,14,9,3,3
633,トリビー 遺物,3800,50,1.719,94.911,66,34,16,37,32,9,4,1,1
634,創傷治癒過程,3800,50,1.707,-20.41,18,82,2,53,11,16,11,4,3
635,本間ひまわり 中の人,3800,50,1.701,3.368,63,37,8,32,35,17,5,1,2
636,肺がんの咳はどんな咳,3800,50,1.699,16.158,22,78,1,2,5,14,23,26,29
637,fdp,3800,50,1.686,-1.217,45,55,1,28,16,17,15,12,11
638,サイロキシン,3700,50,1.767,-27.015,32,68,6,45,13,13,12,7,4
639,竜胆尊 中の人,3700,50,1.745,27.525,46,54,15,35,30,12,6,1,1
640,犬の目やにの原因,3700,50,1.722,-43.122,30,70,1,2,3,14,32,27,21
641,デビデビデビル サロメ,3700,50,1.721,-13.005,35,65,18,43,25,9,3,1,1
642,千燈ゆうひ 前世,3700,50,1.715,-7.35,86,14,8,41,33,12,3,2,1
643,脳室穿破,3600,50,1.785,22.932,31,69,0,39,21,18,12,6,4
644,膀胱がん 生存率,3600,50,1.774,-4.48,47,53,2,4,7,13,21,23,30
645,ニュベクオ,3600,50,1.755,8.809,51,49,0,9,16,21,20,17,17
646,愛園愛美,3600,50,1.742,3.745,44,56,21,28,27,11,7,4,2
647,メリッサキンレンカ,3600,50,1.73,16.006,43,57,20,42,25,8,3,1,1
648,呼吸困難 原因,3600,50,1.716,3.145,33,67,5,12,9,19,25,15,15
649,プライマリーナーシング,3600,50,1.714,-0.115,13,87,5,42,14,19,15,4,1
650,高浸透圧高血糖症候群,3600,50,1.707,23.782,33,67,1,34,18,20,15,9,3
651,介達牽引,3600,50,1.703,-32.882,20,80,3,37,19,20,14,4,3
652,不破湊 誕生日,3600,50,1.694,-0.735,5,95,34,37,17,6,4,1,1
653,もう殺すしかなくなっちゃったよ,3500,50,1.854,38.228,72,28,12,43,31,8,2,2,2
654,体温調節中枢,3500,50,1.808,15.162,34,66,13,40,10,15,10,6,6
655,リナ ゼンゼロ,3500,50,1.79,-78.702,72,28,15,43,31,6,3,1,1
656,高山俊太郎,3500,50,1.789,-12.773,18,82,23,37,24,9,5,1,1
657,栄養状態 検査データ,3500,50,1.788,25.221,15,85,3,56,8,12,10,6,5
658,アームストロング上院議員,3500,50,1.784,62.098,91,9,16,36,31,10,3,2,2
659,ワイルズ アーティア,3500,50,1.754,130.272,91,9,3,35,38,16,4,2,2
660,膵液 消化酵素,3500,50,1.747,34.8,37,63,22,23,6,17,13,8,11
661,たんざい 介護,3500,50,1.739,68.199,23,77,0,6,10,24,37,18,5
662,左脇腹下側の痛み,3500,50,1.737,0.003,31,69,1,4,9,20,34,19,13
663,ウロキナーゼ,3500,50,1.728,-23.141,43,57,1,28,20,22,15,8,6
664,コアキーパー 釣り,3500,50,1.726,8.038,75,25,3,38,38,15,4,1,1
665,シャルコーの三徴,3500,50,1.721,6.205,40,60,0,54,19,14,8,3,2
666,間脳とは,3500,50,1.706,3.613,33,67,9,22,8,17,19,13,12
667,腹痛 ガス溜まり 痛い,3500,50,1.705,11.76,23,77,5,14,24,27,17,8,5
668,ストレス 腹痛 特徴,3500,50,1.705,-8.007,24,76,11,19,24,25,14,5,2
669,背中の痛み 右側 下,3500,50,1.69,0.007,51,49,1,2,5,18,33,25,16
670,膀胱炎の症状,3400,50,1.868,-0.005,25,75,1,5,5,10,20,24,35
671,flat工房,3400,50,1.822,-47.247,92,8,16,50,22,4,4,2,2
672,蒼崎青子,3400,50,1.799,-59,83,17,8,39,33,11,4,3,2
673,ローレン 炎上,3400,50,1.789,-36.513,20,80,25,41,24,6,2,1,1
674,常識問題,3400,50,1.765,-24.022,47,53,24,41,12,9,7,3,4
675,尿検査 比重とは,3400,50,1.756,9.033,22,78,1,9,17,28,26,12,7
676,ゲートガーディアン,3400,50,1.754,-3.456,93,7,2,21,65,6,2,3,1
677,ヨースター アカウント,3400,50,1.751,-36.583,81,19,18,38,28,10,4,1,1
678,膵炎 症状 おなら,3400,50,1.745,1.285,50,50,1,3,6,16,27,26,21
679,抗凝固薬 抗血小板薬 違い,3400,50,1.739,23.651,32,68,0,38,18,17,13,7,7
680,左横腹の痛み,3400,50,1.721,-0.004,38,62,2,10,18,25,22,14,9
681,変わったヒルチャール,3400,50,1.696,56.068,41,59,22,33,29,10,4,1,1
682,緋八マナ 前世,3300,50,1.898,-15.77,4,96,36,45,11,4,3,1,0
683,フレンケル体操,3300,50,1.881,-33.798,48,52,1,57,16,11,8,4,3
684,慢性虫垂炎,3300,50,1.827,5.071,30,70,2,9,14,24,26,17,8
685,腰から背中にかけて痛い,3300,50,1.823,0.238,33,67,2,7,12,22,24,19,14
686,クランベリージュース 膀胱炎,3300,50,1.821,2.763,17,83,1,7,14,18,23,20,17
687,右脇腹 痛み,3300,50,1.8,14.424,36,64,1,6,20,31,25,11,6
688,co2ナルコーシスとは,3300,50,1.797,5.429,20,80,4,55,15,13,8,3,2
689,研修認定薬剤師,3300,50,1.792,5.736,36,64,0,24,28,21,15,9,3
690,細胞内液 細胞外液,3300,50,1.782,-11.16,26,74,4,48,14,15,12,5,2
691,左脇腹の痛み 男性,3300,50,1.78,-1.284,75,25,1,5,9,19,26,21,19
692,右 腰 後ろ 痛み,3300,50,1.773,-0.744,24,76,2,3,15,33,36,9,2
693,末梢血管抵抗とは,3300,50,1.768,68.208,25,75,5,61,11,9,8,3,3
694,濃縮樹脂,3300,50,1.763,-25.289,61,39,27,33,24,10,3,2,1
695,血栓溶解療法,3300,50,1.76,4.037,42,58,2,29,13,17,17,12,10
696,猪苓湯 膀胱炎,3300,50,1.749,4.421,13,87,1,4,9,17,21,23,25
697,座薬 効果時間,3300,50,1.749,0.475,23,77,1,13,48,21,9,4,4
698,ワイルズ サポートハンター,3300,50,1.736,152.329,85,15,1,31,43,16,6,2,1
699,山本泌尿器科,3300,50,1.736,5.711,30,70,1,9,19,27,20,14,10
700,スト6 ジュリ,3300,50,1.717,14.763,67,33,8,33,28,21,6,2,2
701,シロネン リーク,3300,50,1.701,-54.213,79,21,14,35,35,10,3,2,1
702,虫垂炎 何科に行けば,3300,50,1.697,-0.659,30,70,2,9,22,30,22,8,7
703,スノードロップ モンスト,3300,50,1.688,-33.509,80,20,5,18,28,26,17,4,2
704,下腹部の痛み 女性 右下,3300,50,1.686,-0.01,7,93,2,8,12,28,29,12,9
705,クランベリー 膀胱炎,3200,50,1.916,1.265,15,85,0,3,9,17,27,23,21
706,仮装狂騒曲 歌詞,3200,50,1.915,-17.885,56,44,18,54,20,3,3,2,0
707,誓いの水晶,3200,50,1.903,-18.784,93,7,19,45,22,6,4,2,2
708,環境整備 看護,3200,50,1.895,-24.27,9,91,9,44,11,17,13,4,2
709,金玉痛い,3200,50,1.874,-2.264,75,25,24,26,16,18,11,3,2
710,先生俺しにたいんですよ,3200,50,1.828,-13.417,41,59,25,54,15,3,2,1,0
711,尿の濁り,3200,50,1.822,0.004,30,70,2,5,7,18,26,17,25
712,ネクローシスとは,3200,50,1.82,-24.455,35,65,8,44,13,14,11,6,4
713,腎臓が悪くなると出てくる症状,3200,50,1.81,-7.766,31,69,1,6,8,17,25,21,22
714,宇佐美リト 前世,3200,50,1.807,-47.569,9,91,22,43,21,8,4,1,1
715,yab mix,3200,50,1.805,-62.559,41,59,9,30,31,17,7,3,3
716,三枝明那 ライブ,3200,50,1.803,-34.161,9,91,16,47,19,8,7,2,1
717,膀胱炎 痛み止め,3200,50,1.784,-0.048,13,87,1,16,21,26,22,9,5
718,金玉 痛い 右だけ,3200,50,1.782,-0.017,86,14,13,21,25,20,13,4,4
719,霊脈の剛竜骨,3200,50,1.782,-43.379,86,14,7,44,29,11,7,1,1
720,松江日赤病院,3200,50,1.776,-23.213,41,59,1,7,11,18,23,21,19
721,森中花咲,3200,50,1.771,12.229,47,53,14,32,31,14,5,2,2
722,バッカル錠とは,3200,50,1.765,0.236,26,74,2,38,13,17,19,8,3
723,内臓 位置,3200,50,1.762,0.727,44,56,1,9,28,30,19,8,5
724,肩手症候群,3200,50,1.76,-15.756,47,53,0,49,16,16,9,6,4
725,鳴潮 音骸 厳選,3200,50,1.746,-9.883,77,23,15,38,31,10,4,1,1
726,アセリオ 血圧低下,3200,50,1.74,21.656,20,80,0,43,23,19,11,2,2
727,ミサイド 声優,3200,50,1.738,92.209,52,48,16,39,30,9,4,1,1
728,北海道泌尿器科記念病院,3200,50,1.723,-0.013,48,52,1,3,6,14,22,26,28
729,椎骨脳底動脈循環不全,3200,50,1.721,-9.461,38,62,1,8,11,18,24,20,18
730,サロメ 中の人,3200,50,1.693,18.12,70,30,7,21,41,22,6,1,2
731,腰 背中 痛み,3200,50,1.686,-0.12,31,69,1,9,20,30,24,9,7
732,タムスロシン 効果,3100,50,1.918,-3.704,70,30,0,6,4,7,15,23,45
733,左心不全,3100,50,1.875,-39.151,26,74,2,48,17,15,11,4,3
734,ブルアカ セイア,3100,50,1.854,70.156,85,15,16,43,27,9,3,1,1
735,カンタレラ 鳴潮,3100,50,1.848,93.376,68,32,16,32,36,11,3,1,1
736,ライト ゼンゼロ,3100,50,1.829,9.181,48,52,15,42,32,5,3,1,2
737,ブローカ野,3100,50,1.806,2.171,35,65,10,47,11,12,11,5,4
738,腎孟腎炎,3100,50,1.803,1.859,48,52,2,12,19,21,24,14,8
739,もうさァッ,3100,50,1.796,45.238,71,29,10,41,35,9,3,1,1
740,鼻翼呼吸,3100,50,1.777,31.327,26,74,4,41,24,15,10,4,2
741,にじフェス 2025,3000,50,2.032,10.108,13,87,21,53,17,4,3,1,1
742,フィラデルフィア染色体,3000,50,1.964,8.856,37,63,3,40,14,13,14,10,6
743,ブラウンセカール症候群,3000,50,1.955,33.627,55,45,2,50,18,13,9,5,3
744,ボルタレン座薬,3000,50,1.939,1.573,31,69,1,17,17,19,19,14,13
745,ivc 正常値,3000,50,1.863,15.575,47,53,0,40,29,16,8,4,3
746,モンハンワールド 発売日,3000,50,1.861,-6.242,86,14,4,45,34,12,3,1,1
747,ゼンゼロ キャラ一覧,3000,50,1.859,97.921,50,50,28,41,21,5,3,1,1
748,尿道 かゆみ 男性,3000,50,1.818,1.879,96,4,1,25,33,23,12,4,2
749,利尿薬,3000,50,1.818,0.125,40,60,2,31,11,15,16,10,15
750,背中と腰の痛み,3000,50,1.791,8.974,22,78,4,8,16,26,25,12,9
751,肛門がん,3000,50,1.789,-4.286,37,63,2,8,15,24,26,14,11
752,下半身麻酔,3000,50,1.785,39.089,40,60,3,9,19,24,20,14,11
753,慢性膵炎 初期症状,3000,50,1.769,-17.553,26,74,0,5,10,20,30,21,14
754,腎石灰化,3000,50,1.738,5.689,37,63,1,2,12,32,31,16,6
755,胃十二指腸潰瘍,2900,50,2,-0.414,28,72,11,35,18,15,11,7,3
756,右脇腹の痛み 背中,2900,50,1.968,-0.236,38,62,0,3,7,18,30,25,17
757,肩甲下筋 作用,2900,50,1.953,36.516,55,45,2,41,20,17,10,5,5
758,一回換気量,2900,50,1.929,-16.778,33,67,2,44,19,18,13,3,1
759,尿から血が出る病気,2900,50,1.912,-0.003,45,55,2,5,6,14,27,21,25
760,膀胱炎薬 抗生物質,2900,50,1.911,-0.013,5,95,1,2,4,19,32,25,17
761,カテコールアミン,2900,50,1.872,8.036,32,68,5,41,12,15,15,7,5
762,糖尿病 ガイドライン,2900,50,1.842,-23.698,55,45,0,27,24,21,13,10,5
763,シトラリ 原神,2900,50,1.835,68.067,63,37,18,34,32,9,5,1,1
764,尿検査 潜血2+ 女性,2900,50,1.794,-0.635,11,89,1,4,13,22,30,20,10
765,胃 背中 痛い,2900,50,1.768,12.451,22,78,1,8,26,31,22,8,4
766,ストグラ ジョシュア,2800,50,2.007,-174.93,33,67,7,30,28,22,10,2,1
767,繰り返す膀胱炎,2800,50,1.997,2.188,9,91,0,6,7,16,28,27,16
768,鷹宮リオン 中の人 twitter,2800,50,1.957,-11.186,82,18,6,32,39,16,5,1,1
769,卵管炎 症状,2800,50,1.952,-1.188,7,93,2,19,26,26,17,7,3
770,尿道括約筋,2800,50,1.915,0.638,50,50,3,26,13,14,13,14,17
771,尿培養検査とは,2800,50,1.912,-11.73,18,82,0,21,16,24,23,10,6
772,イディオス,2800,50,1.911,-10.524,46,54,16,32,34,10,4,2,2
773,足背動脈 触知,2800,50,1.909,18.095,21,79,2,44,15,16,14,7,2
774,重層扁平上皮,2800,50,1.895,-13.243,26,74,19,49,9,9,9,3,2
775,錐体外路,2800,50,1.89,4.938,43,57,2,43,15,14,15,7,4
776,関節可動域訓練,2800,50,1.873,-20.293,22,78,5,43,14,17,12,5,4
777,胸椎椎間板ヘルニア,2800,50,1.844,-8.256,45,55,1,8,15,21,25,17,13
778,猫血尿,2800,50,1.83,-6.367,20,80,1,7,6,19,35,21,11
779,道尿,2700,50,1.976,-53.717,29,71,0,17,12,22,20,15,14
780,しがりこ,2700,50,1.964,-2.077,54,46,14,28,34,14,6,2,2
781,栗駒こまる 前世,2700,50,1.943,-61.812,90,10,15,35,30,13,4,1,2
782,膀胱炎繰り返す原因,2700,50,1.925,0.266,9,91,3,5,5,18,31,25,13
783,急性膀胱炎 症状,2700,50,1.91,1.696,20,80,5,20,13,18,22,11,11
784,呼吸窮迫症候群,2700,50,1.901,6.513,20,80,2,44,16,13,13,5,7
785,にょう 血が混じる,2700,50,1.901,-0.118,29,71,5,15,17,21,23,12,7
786,コロナ熱なし,2700,50,1.848,2.379,22,78,4,11,11,26,29,13,6
787,高尿酸血症 ガイドライン,2600,50,2.063,0.86,62,38,0,12,19,20,20,17,12
788,胆石 痛み 場所,2600,50,2.055,0.032,31,69,1,4,15,30,31,13,6
789,右側背中の痛み 女性,2600,50,2.031,-4.866,4,96,0,3,7,24,38,19,9
790,腎盂腎炎 原因,2600,50,1.982,-0.589,29,71,3,24,20,19,20,8,6
791,尿色,2600,50,1.898,27.469,30,70,6,20,13,19,21,11,10
792,平尾病院 橿原,2600,50,1.894,-0.038,42,58,0,3,7,19,28,24,19
793,膀胱炎 痛い,2500,50,2.122,-0.049,11,89,6,33,24,20,12,3,2
794,尿路感染症 抗生剤,2500,50,2.042,0.009,46,54,0,11,16,20,21,20,12
795,膀胱炎 抗生物質 効くまで,2500,50,2.005,2.108,6,94,0,14,19,28,25,9,5
796,背中腰の痛み,2500,50,1.98,17.411,25,75,2,5,11,25,31,17,9
797,膀胱 痛み,2400,50,2.144,-0.001,43,57,2,10,22,28,23,11,4
798,膀胱炎 お腹痛い,2400,50,2.096,-0.201,9,91,5,26,24,23,15,4,3
799,猫 結石,2400,50,1.976,-0.757,25,75,0,7,16,29,31,12,5
800,左背中脇腹の痛み,2400,50,1.974,0.015,29,71,1,4,10,22,32,21,10
801,左下腹部,2300,50,2.136,-0.137,31,69,3,16,28,27,16,6,4
802,右下腹部 痛み,2200,50,2.138,-0.036,29,71,3,20,28,23,18,6,2
803,毒ヶ衣ちなみ 前世,3300,40,1.716,-117.142,64,36,26,29,26,12,5,1,1
804,バストトップシークレット,3300,40,1.714,-39.388,84,16,23,45,21,6,3,1,1
805,ぶいすぽ pc,3200,40,1.742,-12.579,91,9,8,50,31,6,4,1,0
806,エクソシスター,3200,40,1.73,-23.466,89,11,4,26,53,7,4,4,2
807,身体のあちこちが痛い,3200,40,1.723,-49.827,24,76,0,1,4,10,25,34,26
808,ヘブンズフィール,3200,40,1.713,4.582,70,30,7,38,35,12,4,2,2
809,好き嫌い にじさんじ,3200,40,1.707,-68.446,25,75,17,46,21,6,5,3,2
810,ggwp 意味,3200,40,1.698,-20.702,66,34,22,38,23,10,4,2,1
811,にじさんじ 1期生,3200,40,1.689,-13.697,41,59,20,38,26,10,4,1,1
812,deeplol,3100,40,1.801,57.047,87,13,9,54,27,5,2,2,1
813,学マス マスター,3100,40,1.8,-19.897,77,23,19,51,21,5,2,1,1
814,世界一可愛い私,3100,40,1.769,-98.729,60,40,15,39,27,10,5,2,2
815,再興感染症とは,3100,40,1.734,-17.552,35,65,21,44,8,10,11,4,2
816,臨床検査,3100,40,1.717,31.8,45,55,8,12,9,18,24,15,14
817,院部洗浄,3100,40,1.706,-95.794,27,73,6,27,12,15,19,14,7
818,マルチャミーフワロス,3100,40,1.703,9.552,96,4,2,32,57,5,1,2,1
819,原因不明の腹痛,3100,40,1.689,-0.52,27,73,10,15,12,19,22,13,9
820,にじそうさく,3000,40,1.777,-12.593,16,84,12,41,30,9,4,3,1
821,マヴラブ,3000,40,1.775,36.796,88,12,7,32,36,17,5,2,1
822,にじさんじ 一覧,3000,40,1.771,-7.715,23,77,21,47,23,6,3,0,0
823,ガイアッシュカイザー,3000,40,1.77,-41.917,95,5,21,46,23,5,3,1,1
824,12誘導心電図,3000,40,1.768,-32.34,33,67,2,48,22,15,8,3,2
825,尿蛋白 基準値,3000,40,1.753,-34.603,40,60,2,27,9,12,13,16,21
826,膀胱癌 再発,3000,40,1.74,74.538,39,61,0,2,5,12,19,26,36
827,錐体路障害,3000,40,1.727,-8.006,40,60,1,50,15,12,12,5,5
828,犬 肉球の間 赤い,3000,40,1.723,-73.917,18,82,2,12,15,27,29,12,3
829,尿臭い,3000,40,1.718,33.668,26,74,4,8,8,20,30,17,13
830,便意が多い,3000,40,1.71,12.406,47,53,2,5,10,16,23,23,21
831,アーゼウス,3000,40,1.707,17.282,93,7,4,31,52,7,3,2,1
832,腎小体,3000,40,1.705,-41.412,33,67,23,43,8,11,9,4,2
833,右太もも前側の痛み,3000,40,1.701,4.712,30,70,2,5,8,21,29,19,16
834,歯茎口内炎,3000,40,1.7,-19.518,33,67,14,27,17,20,14,6,2
835,夜絆ニウ,3000,40,1.695,-96.202,78,22,9,27,38,18,6,1,1
836,尿崩症 症状,3000,40,1.693,4.93,18,82,3,11,8,16,26,21,15
837,お腹痛いのに便出ない,3000,40,1.692,43.743,14,86,11,29,27,18,9,4,2
838,腎臓病の症状 背中の痛み,2900,40,1.88,3.721,48,52,0,0,2,8,17,25,48
839,赤血球沈降速度,2900,40,1.822,-2.965,26,74,3,34,9,14,16,12,12
840,発達課題,2900,40,1.818,-25.951,19,81,12,46,12,14,10,4,2
841,天ヶ瀬むゆ 休止,2900,40,1.813,-101.449,34,66,17,48,21,8,4,1,1
842,ゼンゼロ グレース,2900,40,1.778,-26.328,77,23,19,38,28,9,3,2,1
843,bunとは,2900,40,1.764,15.582,27,73,5,42,9,11,14,8,11
844,kemono fan box,2900,40,1.749,-33.399,95,5,11,51,26,8,2,1,1
845,浅貝もっちぬ,2900,40,1.739,-68.903,61,39,12,35,31,13,5,2,2
846,腎臓検査方法,2900,40,1.738,4.501,41,59,2,4,7,17,27,24,19
847,呼吸音 聴診,2900,40,1.735,-113.861,17,83,3,56,13,11,11,3,3
848,体部位名称図,2900,40,1.73,-0.805,34,66,5,9,11,24,28,14,9
849,甲斐田晴 中の人,2900,40,1.721,-28.942,12,88,17,31,28,13,7,2,2
850,サンデー 遺物,2900,40,1.71,-10.181,38,62,18,38,30,8,2,2,2
851,ディーふらぐ!,2900,40,1.701,1.458,91,9,5,38,35,12,5,3,2
852,おしっこが出ない,2900,40,1.7,-5.062,38,62,2,5,7,15,22,22,27
853,慢性胆嚢炎,2900,40,1.698,12.215,37,63,1,9,14,25,26,16,9
854,頭蓋内圧亢進,2900,40,1.698,-0.42,28,72,2,49,17,16,10,4,2
855,脳の検査,2900,40,1.694,-33,38,62,4,7,12,17,21,15,24
856,そろそろ狩るか♠,2800,40,1.843,63.163,84,16,13,42,34,8,2,1,0
857,学マス メモリー厳選,2800,40,1.838,-28.583,77,23,12,53,27,4,2,1,1
858,感染徴候,2800,40,1.821,-83.439,12,88,3,62,11,10,10,3,1
859,蓄尿検査,2800,40,1.813,10.676,30,70,1,17,15,17,20,15,15
860,腎盂腎炎とは,2800,40,1.81,-0.219,23,77,3,23,16,17,21,12,8
861,早瀬走 中の人,2800,40,1.809,30.215,57,43,9,32,35,16,5,2,1
862,大腸憩室炎 痛み,2800,40,1.808,0.005,29,71,1,2,6,17,27,25,22
863,fgo クラススコア,2800,40,1.777,0.432,75,25,4,39,36,13,5,2,1
864,内臓痛,2800,40,1.746,-2.251,34,66,5,28,18,22,16,8,3
865,ターミナルワールド2,2800,40,1.74,48.247,96,4,1,29,58,7,2,2,1
866,かのこん,2800,40,1.733,14.405,86,14,9,32,29,12,10,4,4
867,十二指腸潰瘍 自然治癒,2800,40,1.728,-0.089,33,67,1,9,18,23,25,13,11
868,vtuber 中の人,2800,40,1.727,-35.442,69,31,4,29,36,20,8,2,1
869,切歯,2800,40,1.714,-18.593,43,57,5,22,16,19,13,11,14
870,holep,2800,40,1.706,8.606,57,43,0,14,15,14,13,17,27
871,褐色尿,2800,40,1.7,39.629,30,70,2,27,21,20,16,8,6
872,回避の装衣 入手,2800,40,1.7,-17.641,91,9,9,52,23,10,4,1,1
873,補体とは,2700,40,1.916,25.687,31,69,7,43,9,13,12,8,8
874,神経因性膀胱炎 症状,2700,40,1.812,3.229,24,76,1,9,9,17,23,21,20
875,腎臓 腰痛,2700,40,1.81,-1.801,37,63,0,4,17,35,28,11,5
876,膀胱炎に効く薬,2700,40,1.807,-1.553,15,85,2,6,7,14,24,23,24
877,桜井画門,2700,40,1.779,25.382,75,25,15,34,19,17,8,3,4
878,尿クレアチニン 基準値,2700,40,1.754,1.99,36,64,0,6,8,15,20,22,29
879,左背部痛の原因,2700,40,1.751,-0.622,25,75,1,8,20,30,24,12,5
880,グルシャンとは,2700,40,1.746,48.12,41,59,14,40,28,12,3,1,2
881,膀胱炎 放置すると,2700,40,1.746,-1.201,14,86,8,23,22,23,16,5,3
882,ブルプロ サ終,2700,40,1.726,-25.824,83,17,5,21,41,21,9,2,1
883,大腸がんステージ4,2700,40,1.724,62.069,27,73,2,6,8,18,29,21,16
884,怪異克服 バルファルク,2700,40,1.724,-37.913,86,14,12,34,29,17,6,1,1
885,右下腹部 しこり,2700,40,1.719,0.33,24,76,2,8,16,29,23,12,10
886,レボフロキサシン500mg 副作用,2700,40,1.717,7.136,25,75,1,9,13,22,21,16,18
887,逆流性食道炎 牛乳,2700,40,1.708,-18.284,35,65,3,8,23,24,19,13,10
888,アンギオテンシン,2700,40,1.698,-34.998,37,63,4,34,13,14,17,10,8
889,肛門癌,2700,40,1.695,2.671,39,61,1,6,12,19,24,20,18
890,カーナベル 遊戯王,2700,40,1.692,-93.368,95,5,2,28,56,7,2,3,2
891,ベントナイト 猫砂,2700,40,1.688,-25.629,25,75,0,4,13,21,31,20,11
892,スターレイル イベント,2700,40,1.686,15.749,69,31,9,37,34,11,5,2,2
893,追いかける夢,2700,40,1.686,10.988,26,74,9,19,22,22,18,7,3
894,膀胱容量,2600,40,1.914,-11.88,31,69,2,27,15,21,13,10,12
895,心不全 観察項目,2600,40,1.905,-13.389,9,91,4,62,15,13,5,1,0
896,膀胱訓練,2600,40,1.893,2.873,36,64,2,13,13,19,19,17,17
897,猫押しっこ 回数,2600,40,1.889,-1.246,15,85,1,3,4,20,35,25,12
898,上位運動ニューロン,2600,40,1.838,-15.67,41,59,3,57,13,11,9,4,3
899,ニキチッチ,2600,40,1.819,-107.341,72,28,4,34,42,13,4,2,1
900,伊東ライフ 代表作,2600,40,1.809,2.941,65,35,13,33,29,17,5,1,2
901,ストレス 血尿,2600,40,1.801,-4.069,35,65,1,14,26,30,20,6,3
902,シュブニグラス,2600,40,1.799,-56.6,54,46,15,41,26,9,6,2,1
903,ロココ 鳴潮,2600,40,1.772,134.169,68,32,13,35,36,10,2,2,2
904,腎臓摘出手術,2600,40,1.75,0.956,35,65,0,8,8,16,24,22,22
905,dtto 中の人,2600,40,1.744,-28.663,87,13,5,27,41,19,5,1,2
906,ras阻害薬,2600,40,1.744,-32.749,50,50,1,17,15,18,20,16,13
907,尿濁り 原因 女性,2600,40,1.739,-0.002,4,96,7,6,6,18,32,17,14
908,gero 武道館,2600,40,1.738,71.139,22,78,11,29,24,15,13,6,2
909,ワイルズ 声優,2600,40,1.727,62.681,74,26,2,34,43,14,3,2,2
910,クエンメット,2600,40,1.727,8.933,50,50,0,8,13,22,24,17,16
911,胃がゴロゴロ鳴る原因,2600,40,1.721,51.137,26,74,3,8,14,22,23,15,15
912,alisa スト6,2600,40,1.713,-27.481,82,18,7,34,39,13,4,2,1
913,肋軟骨炎 セルフチェック,2600,40,1.702,117.814,23,77,2,7,12,21,29,16,13
914,お腹が痛い 左下腹部,2600,40,1.7,-0.084,27,73,4,7,9,20,30,16,14
915,残尿感 寝れない,2600,40,1.7,-0.47,23,77,3,32,18,20,14,8,5
916,犬上リオ,2600,40,1.689,-112.962,38,62,8,26,36,19,7,1,3
917,左お腹の痛み 女性,2600,40,1.687,2.444,3,97,3,14,19,27,27,8,2
918,スト6 モダン クラシック,2500,40,1.883,38.481,54,46,8,39,30,15,5,2,1
919,副睾丸,2500,40,1.883,18.293,81,19,4,21,20,19,15,10,11
920,ヘディン ダンまち,2500,40,1.854,79.294,89,11,5,27,35,20,8,3,2
921,殺してやるぞ天の助,2500,40,1.846,1.609,82,18,5,35,43,11,2,2,2
922,ワイルズ 装衣,2500,40,1.815,129.406,88,12,2,30,39,20,6,2,1
923,かにかま先生,2500,40,1.811,60.725,71,29,8,25,31,15,11,6,4
924,腹部エコー検査,2500,40,1.806,0.409,39,61,1,4,12,20,25,19,19
925,潜血プラス1,2500,40,1.796,1.534,23,77,2,4,10,20,26,21,17
926,卵巣のう腫,2500,40,1.786,-7.258,15,85,3,17,23,24,18,8,7
927,腎疾患とは,2500,40,1.784,0.048,36,64,2,9,11,19,25,19,15
928,英リサ 前世,2500,40,1.784,-39.921,72,28,6,40,32,13,5,2,2
929,にょう 白血球 多い 原因,2500,40,1.781,23.386,24,76,1,8,13,24,29,16,9
930,膀胱炎 尿の色,2500,40,1.768,-0.39,11,89,2,19,19,24,22,8,6
931,尿細管上皮細胞,2500,40,1.748,-1.014,40,60,1,11,12,22,26,18,10
932,fgo リコレクションクエスト,2500,40,1.747,-79.555,67,33,5,40,34,13,6,2,0
933,アルカナフォース,2500,40,1.745,-5.276,93,7,1,37,49,5,3,3,2
934,レクサプロ10mg 効果,2500,40,1.742,70.381,32,68,1,3,7,19,35,24,11
935,舌癌 初期症状 写真,2500,40,1.727,3.889,29,71,3,9,14,22,25,14,13
936,硬膜外麻酔 副作用,2500,40,1.726,-29.393,13,87,1,29,19,18,16,11,6
937,残便感 大腸がん,2500,40,1.724,-0.567,30,70,1,5,12,18,25,22,17
938,食後お腹が張る,2500,40,1.724,-10.946,22,78,2,6,8,18,30,19,17
939,vtuber 登録者数ランキング,2500,40,1.718,-50.775,66,34,9,33,35,15,5,2,1
940,肛門の痛み,2500,40,1.716,-29.507,35,65,2,4,10,19,23,23,19
941,モルヒネ 副作用,2500,40,1.708,6.497,28,72,3,40,17,18,13,6,3
942,150ドル,2500,40,1.705,63.557,60,40,4,26,33,19,10,4,4
943,てんかん薬 副作用,2500,40,1.692,2.103,23,77,2,5,11,23,29,19,11
944,尿崩症 診断基準,2400,40,1.984,15.397,50,50,1,12,21,19,18,14,15
945,左下腹部痛み,2400,40,1.92,0.176,27,73,3,12,20,26,23,10,6
946,おシッコしたあと痛い 女,2400,40,1.88,-0.94,2,98,6,24,19,20,19,8,4
947,ストグラ jd,2400,40,1.863,-159.738,39,61,8,32,29,19,10,1,1
948,右下腹が痛い,2400,40,1.862,-4.874,36,64,2,6,10,19,27,20,16
949,グラブル スタレ,2400,40,1.85,1.158,81,19,2,33,37,19,5,2,2
950,体が揺れる感じ,2400,40,1.828,39.814,32,68,5,14,17,20,19,12,13
951,尿 泡立ち,2400,40,1.811,-6.049,36,64,3,17,21,22,19,11,7
952,右脇腹後ろの痛み,2400,40,1.804,-0.202,41,59,0,3,9,25,34,19,10
953,血液分布異常性ショック,2400,40,1.797,28.813,50,50,3,44,21,17,10,4,1
954,静凛,2400,40,1.778,-21.516,67,33,10,27,35,17,6,2,3
955,尿沈渣 結果 見方,2400,40,1.758,-0.726,29,71,1,6,8,23,29,20,13
956,自律神経に良い食べ物,2400,40,1.757,-6.834,23,77,0,4,12,22,30,19,13
957,掖済会病院 名古屋市,2400,40,1.756,13.03,34,66,2,6,10,20,28,21,13
958,低尿酸血症,2400,40,1.748,3.651,40,60,0,11,18,25,21,14,11
959,デュエルマスターズ にじさんじ,2400,40,1.746,138.34,67,33,5,24,36,19,12,3,1
960,便が出ない おならは出る,2400,40,1.746,-4.029,35,65,3,12,16,18,20,16,15
961,にじさんじ ましろ,2400,40,1.73,31.752,39,61,13,30,30,16,7,2,2
962,帯状疱疹 血液検査,2400,40,1.73,13.026,28,72,1,7,13,27,30,13,9
963,猫 ストルバイト,2400,40,1.726,0,16,84,1,4,13,24,34,19,5
964,坐薬 市販,2300,40,1.975,1.416,38,62,0,7,25,26,23,11,8
965,お腹の痛み 波がある,2300,40,1.924,-18.958,18,82,4,15,19,26,21,9,6
966,猫 血液検査,2300,40,1.878,-66.048,19,81,1,7,15,25,31,16,5
967,にょう 赤っぽい,2300,40,1.844,-0.888,28,72,4,14,19,30,24,7,2
968,犬ヒートとは,2300,40,1.817,-53.496,19,81,0,4,4,19,38,26,9
969,シックデイ 対処法,2300,40,1.799,71.495,28,72,2,25,17,20,19,11,6
970,肺サルコイドーシス,2300,40,1.797,-23.988,32,68,1,14,16,20,20,19,10
971,副睾丸炎,2300,40,1.786,-19.482,69,31,2,11,15,20,18,17,17
972,ミルキング 尿カテーテル,2300,40,1.778,69.962,26,74,1,20,17,21,23,13,5
973,泌尿器科学会,2300,40,1.776,18.076,68,32,0,6,18,26,23,13,14
974,胃の違和感が続く病気,2300,40,1.759,13.768,30,70,2,7,18,26,25,15,7
975,鎮静剤 副作用,2300,40,1.751,-40.509,28,72,2,7,13,24,28,16,10
976,右肩痛い,2300,40,1.749,31.038,26,74,4,13,16,26,27,9,5
977,腰痛と腹痛 同時,2200,40,2.031,-0.092,29,71,1,7,14,22,26,17,13
978,慢性前立腺炎 治療,2200,40,2.003,20.433,86,14,1,11,17,23,19,17,12
979,腹痛と腰痛が同時,2200,40,1.851,-0.18,24,76,2,17,17,21,24,13,6
980,前立腺 石灰化,2100,40,1.801,6.89,75,25,0,5,11,26,26,20,12
981,イミプラミン,2500,30,1.688,7.8,44,56,1,40,17,14,14,9,5
982,ビッグサンダーマウンテン 尿管結石,2500,30,1.688,4.994,46,54,9,35,25,16,9,5,1
983,褥瘡 看護計画,2500,30,1.688,-88.012,8,92,1,57,12,16,9,3,2
984,ソフトバンク支払い,2400,30,1.737,-30.412,41,59,3,11,14,22,26,13,11
985,クリニカルシナリオ,2400,30,1.731,-4.343,54,46,1,39,28,18,9,3,2
986,cyst 医療,2400,30,1.71,10.648,21,79,1,15,20,27,17,8,12
987,居宅療養管理指導 2024,2400,30,1.707,-130.998,35,65,1,3,9,25,30,20,12
988,サブクリニカルクッシング症候群,2400,30,1.705,21.326,32,68,0,15,21,21,21,12,10
989,エルデンリング 奈落,2400,30,1.689,-116.31,90,10,1,29,39,22,6,2,1
990,腰椎麻酔 副作用,2400,30,1.688,18.772,25,75,1,16,17,22,21,14,9
991,細菌感染症,2300,30,1.743,15.617,36,64,6,15,18,23,19,11,8
992,筋硬結,2300,30,1.74,54.782,48,52,2,24,24,23,16,8,3
993,界王神 声優,2300,30,1.697,9.769,59,41,8,20,30,33,7,1,1
994,大腸ポリープ切除後 痛み,2200,30,1.722,6.411,28,72,0,2,8,24,36,21,9
995,睾丸 違和感,2200,30,1.715,-0.1,88,12,1,15,28,27,19,7,3
996,左下腹部 押すと痛い,2200,30,1.713,-0.948,30,70,3,17,27,26,16,8,3
997,肝臓 石,2200,30,1.704,0.234,36,64,2,6,19,29,28,11,5
998,膀胱炎 クラリスロマイシン,2200,30,1.691,0.463,13,87,0,7,22,39,22,7,3
999,腰右側後ろが痛い,2200,30,1.688,3.256,40,60,5,4,11,19,34,18,9
1000,更年期男性症状,2000,30,1.686,-12.145,26,74,2,2,4,27,50,9,6
